0 -65
50 -65
50.0008 -65.0003
50.0087 -65.0033
50.0451 -65.0121
50.1053 -65.0176
50.1985 -65.0247
50.2918 -65.0294
50.3851 -65.0337
50.5739 -65.042
50.8579 -65.0434
51.2878 -65.0282
51.7177 -64.9921
52.1476 -64.937
52.5775 -64.8687
53.0075 -64.7894
53.7231 -64.6338
54.4387 -64.4662
55.1543 -64.2882
55.8699 -64.1025
56.5855 -63.9116
57.3011 -63.7177
58.0168 -63.5238
58.7324 -63.3266
59.448 -63.1314
60.1636 -62.9372
60.8792 -62.7446
61.5948 -62.5538
62.3104 -62.365
63.0261 -62.1784
63.7417 -61.994
64.4573 -61.8118
65.1729 -61.632
65.8885 -61.4544
66.6041 -61.279
67.3197 -61.1058
68.0353 -60.9347
68.751 -60.7656
69.4666 -60.5984
70.1822 -60.4332
70.8978 -60.2697
71.6134 -60.1078
72.329 -59.9476
73.0446 -59.7888
73.7603 -59.6315
74.4759 -59.4755
75.1915 -59.3207
75.9071 -59.1671
76.6227 -59.0145
77.3383 -58.8628
78.0539 -58.7119
78.7695 -58.5618
79.4852 -58.4124
80.2008 -58.2634
80.9164 -58.1149
81.632 -57.9667
82.3476 -57.8187
83.0632 -57.6706
83.7788 -57.5228
84.4945 -57.3746
85.2101 -57.2261
85.9257 -57.0771
86.6413 -56.9275
87.3569 -56.777
88.0725 -56.6255
88.7881 -56.4727
89.5037 -56.3186
90.2194 -56.1627
90.935 -56.0045
91.6506 -55.8446
92.3662 -55.6818
93.0818 -55.5154
93.7974 -55.3459
94.513 -55.1721
95.2287 -54.9935
95.9443 -54.8094
96.3214 -54.709
96.6985 -54.6075
97.0756 -54.5037
97.4527 -54.3977
97.8298 -54.289
98.2069 -54.1776
98.584 -54.0628
98.9611 -53.9452
99.3382 -53.8236
99.7153 -53.6977
100.092 -53.567
100.469 -53.4314
100.847 -53.29
101.224 -53.1422
101.429 -53.0581
101.634 -52.9726
101.839 -52.8845
102.044 -52.7937
102.249 -52.6996
102.454 -52.6027
102.659 -52.5022
102.864 -52.398
103.07 -52.2897
103.275 -52.177
103.48 -52.0593
103.685 -51.9362
103.89 -51.8071
104.095 -51.6697
104.3 -51.5261
104.505 -51.3727
104.71 -51.2092
104.813 -51.1217
104.915 -51.0326
105.018 -50.9397
105.12 -50.8426
105.223 -50.7412
105.271 -50.6921
105.319 -50.6419
105.342 -50.6176
105.365 -50.5931
105.404 -50.5497
105.444 -50.5054
105.464 -50.4831
105.483 -50.4606
105.503 -50.4378
105.523 -50.4148
105.542 -50.3916
105.56 -50.3703
105.578 -50.3489
105.619 -50.2989
105.66 -50.2477
105.7 -50.1953
105.741 -50.1414
105.782 -50.0861
105.823 -50.0293
105.863 -49.9708
105.904 -49.9104
105.945 -49.8481
105.986 -49.7836
106.026 -49.7168
106.067 -49.6475
106.108 -49.5754
106.132 -49.5318
106.156 -49.4871
106.179 -49.4412
106.203 -49.3941
106.227 -49.3456
106.251 -49.2957
106.275 -49.2443
106.299 -49.1913
106.322 -49.1365
106.346 -49.0799
106.37 -49.0213
106.394 -48.9606
106.418 -48.8975
106.442 -48.8319
106.465 -48.7635
106.489 -48.6922
106.513 -48.6176
106.537 -48.5394
106.573 -48.4128
106.61 -48.2763
106.646 -48.1288
106.682 -47.9693
106.719 -47.7969
106.778 -47.4875
106.837 -47.1385
106.896 -46.7491
106.955 -46.3154
106.983 -46.0945
107.011 -45.863
107.038 -45.6209
107.089 -45.1515
107.14 -44.6423
107.19 -44.0824
107.241 -43.4593
107.292 -42.7607
107.342 -41.9384
107.393 -40.9644
107.444 -39.6695
107.472 -38.7363
107.501 -37.5732
107.517 -36.743
107.533 -35.7597
107.55 -34.541
107.566 -32.9466
107.583 -30.8368
107.591 -29.4033
107.6 -27.684
107.609 -25.6095
107.618 -23.08
107.626 -20.0123
107.635 -16.3346
107.644 -12.0138
107.653 -7.0849
107.661 -1.67064
107.67 4.01477
107.679 9.66778
107.687 14.9455
107.696 19.5924
107.705 23.4951
107.714 26.6096
107.722 28.928
107.731 30.5384
107.735 31.1481
107.739 31.5762
107.747 32.0175
107.754 32.1796
107.761 32.1163
107.772 31.6101
107.783 30.69
107.794 29.4696
107.805 28.024
107.816 26.4636
107.827 24.8068
107.838 23.1308
107.849 21.4309
107.86 19.7561
107.871 18.1382
107.882 16.532
107.893 14.9291
107.904 13.3739
107.915 11.8314
107.926 10.3087
107.938 8.80582
107.948 7.33461
107.959 5.89365
107.971 4.47717
107.982 3.09445
107.993 1.74093
108.004 0.414577
108.015 -0.889099
108.026 -2.16932
108.037 -3.43281
108.048 -4.6802
108.059 -5.91149
108.07 -7.12935
108.081 -8.33449
108.092 -9.5256
108.103 -10.7014
108.114 -11.8616
108.125 -13.0064
108.136 -14.1353
108.147 -15.2489
108.158 -16.3488
108.169 -17.437
108.18 -18.5161
108.191 -19.5889
108.202 -20.6591
108.213 -21.7301
108.224 -22.8055
108.235 -23.8895
108.246 -24.9862
108.257 -26.0996
108.269 -27.2338
108.279 -28.393
108.291 -29.5784
108.302 -30.7926
108.313 -32.0351
108.324 -33.3044
108.335 -34.5976
108.346 -35.91
108.357 -37.2354
108.368 -38.5654
108.379 -39.8913
108.39 -41.1976
108.401 -42.4758
108.412 -43.7092
108.423 -44.89
108.434 -46.0066
108.445 -47.0516
108.456 -48.0216
108.467 -48.9153
108.478 -49.7343
108.489 -50.4807
108.5 -51.1598
108.511 -51.7769
108.529 -52.6533
108.547 -53.4053
108.564 -54.0623
108.582 -54.6336
108.6 -55.1385
108.618 -55.5907
108.635 -55.9998
108.653 -56.3723
108.671 -56.7139
108.688 -57.0291
108.715 -57.4617
108.729 -57.664
108.742 -57.856
108.756 -58.0388
108.769 -58.2126
108.791 -58.4785
108.813 -58.7253
108.835 -58.9558
108.857 -59.1716
108.879 -59.3741
108.901 -59.5648
108.923 -59.7447
108.945 -59.9149
108.967 -60.0762
108.989 -60.2295
109.011 -60.3753
109.033 -60.5142
109.055 -60.647
109.077 -60.7739
109.099 -60.8955
109.121 -61.0122
109.143 -61.1244
109.165 -61.2324
109.187 -61.3365
109.209 -61.4369
109.231 -61.534
109.253 -61.628
109.275 -61.7189
109.31 -61.8553
109.344 -61.9856
109.378 -62.1105
109.413 -62.2304
109.447 -62.3456
109.469 -62.416
109.49 -62.4848
109.512 -62.552
109.533 -62.6178
109.555 -62.6823
109.577 -62.7454
109.598 -62.8072
109.62 -62.8679
109.641 -62.9274
109.663 -62.9857
109.685 -63.043
109.706 -63.0992
109.728 -63.1545
109.749 -63.2087
109.771 -63.2621
109.793 -63.3145
109.814 -63.3661
109.836 -63.4168
109.857 -63.4667
109.879 -63.5157
109.901 -63.5641
109.922 -63.6116
109.944 -63.6584
109.965 -63.7046
109.987 -63.75
110.009 -63.7947
110.03 -63.8388
110.064 -63.9056
110.097 -63.971
110.13 -64.035
110.164 -64.0975
110.197 -64.1587
110.231 -64.2185
110.264 -64.2771
110.297 -64.3345
110.331 -64.3906
110.364 -64.4456
110.398 -64.4994
110.431 -64.552
110.465 -64.6035
110.479 -64.6253
110.493 -64.6468
110.507 -64.6682
110.522 -64.6893
110.536 -64.7102
110.559 -64.744
110.583 -64.7773
110.606 -64.81
110.629 -64.8423
110.653 -64.8741
110.676 -64.9054
110.699 -64.9362
110.723 -64.9666
110.746 -64.9965
110.769 -65.0259
110.793 -65.0549
110.816 -65.0834
110.839 -65.1115
110.863 -65.1391
110.886 -65.1663
110.899 -65.181
110.911 -65.1956
110.924 -65.21
110.947 -65.2349
110.969 -65.2594
110.991 -65.2836
111.013 -65.3074
111.036 -65.3308
111.058 -65.3538
111.08 -65.3765
111.103 -65.3988
111.125 -65.4208
111.147 -65.4424
111.169 -65.4636
111.192 -65.4846
111.214 -65.5051
111.236 -65.5254
111.259 -65.5453
111.281 -65.5649
111.303 -65.5841
111.326 -65.603
111.348 -65.6217
111.37 -65.6399
111.392 -65.6579
111.415 -65.6756
111.437 -65.6929
111.459 -65.71
111.482 -65.7267
111.504 -65.7432
111.526 -65.7593
111.548 -65.7752
111.571 -65.7908
111.593 -65.8061
111.615 -65.8211
111.638 -65.8358
111.66 -65.8502
111.682 -65.8644
111.704 -65.8783
111.727 -65.8919
111.749 -65.9052
111.771 -65.9183
111.794 -65.9312
111.816 -65.9437
111.838 -65.956
111.861 -65.9681
111.883 -65.9799
111.893 -65.985
111.902 -65.99
111.924 -66.0009
111.945 -66.0115
111.957 -66.0173
111.969 -66.023
111.98 -66.0286
112.002 -66.0387
112.023 -66.0486
112.045 -66.0583
112.066 -66.0678
112.088 -66.077
112.109 -66.0861
112.131 -66.0949
112.153 -66.1036
112.174 -66.112
112.196 -66.1202
112.232 -66.1337
112.268 -66.1466
112.304 -66.1589
112.341 -66.1708
112.377 -66.1821
112.413 -66.1929
112.449 -66.2032
112.486 -66.2131
112.522 -66.2225
112.558 -66.2315
112.595 -66.24
112.631 -66.2481
112.667 -66.2558
112.703 -66.2631
112.74 -66.27
112.776 -66.2765
112.812 -66.2827
112.849 -66.2885
112.885 -66.294
112.921 -66.2992
112.957 -66.304
112.994 -66.3086
113.009 -66.3105
113.025 -66.3123
113.041 -66.3141
113.07 -66.3172
113.098 -66.3201
113.127 -66.3229
113.156 -66.3255
113.184 -66.328
113.213 -66.3303
113.241 -66.3325
113.27 -66.3345
113.299 -66.3364
113.327 -66.3382
113.356 -66.3399
113.384 -66.3414
113.413 -66.3428
113.442 -66.3441
113.47 -66.3453
113.499 -66.3464
113.527 -66.3474
113.556 -66.3483
113.585 -66.3491
113.613 -66.3499
113.642 -66.3505
113.67 -66.351
113.699 -66.3515
113.728 -66.3519
113.756 -66.3522
113.785 -66.3525
113.814 -66.3527
113.842 -66.3528
113.871 -66.3528
113.899 -66.3528
113.928 -66.3528
113.957 -66.3526
113.985 -66.3525
114.014 -66.3522
114.042 -66.352
114.071 -66.3516
114.088 -66.3514
114.106 -66.3512
114.123 -66.3509
114.141 -66.3507
114.158 -66.3504
114.175 -66.3501
114.203 -66.3496
114.23 -66.3491
114.258 -66.3485
114.285 -66.348
114.312 -66.3473
114.34 -66.3467
114.367 -66.346
114.395 -66.3453
114.422 -66.3446
114.449 -66.3439
114.466 -66.3434
114.482 -66.343
114.499 -66.3425
114.515 -66.342
114.54 -66.3413
114.566 -66.3405
114.591 -66.3397
114.616 -66.3389
114.657 -66.3376
114.697 -66.3363
114.718 -66.3356
114.739 -66.3349
114.759 -66.3342
114.78 -66.3334
114.811 -66.3323
114.842 -66.3312
114.863 -66.3305
114.885 -66.3297
114.91 -66.3287
114.936 -66.3278
114.98 -66.3261
115.025 -66.3244
115.07 -66.3227
115.114 -66.3209
115.159 -66.3192
115.203 -66.3174
115.248 -66.3156
115.293 -66.3138
115.337 -66.312
115.382 -66.3101
115.427 -66.3083
115.471 -66.3064
115.498 -66.3053
115.524 -66.3041
115.551 -66.303
115.577 -66.3019
115.604 -66.3008
115.63 -66.2996
115.657 -66.2985
115.683 -66.2973
115.71 -66.2962
115.736 -66.295
115.763 -66.2939
115.789 -66.2927
115.816 -66.2915
115.843 -66.2904
115.869 -66.2892
115.895 -66.288
115.922 -66.2869
115.949 -66.2857
115.975 -66.2845
116.002 -66.2833
116.028 -66.2821
116.071 -66.2802
116.114 -66.2782
116.157 -66.2763
116.2 -66.2743
116.226 -66.2731
116.252 -66.2719
116.279 -66.2706
116.305 -66.2694
116.331 -66.2682
116.358 -66.267
116.402 -66.2649
116.446 -66.2628
116.491 -66.2607
116.535 -66.2586
116.56 -66.2573
116.585 -66.2561
116.61 -66.2549
116.636 -66.2537
116.661 -66.2525
116.686 -66.2512
116.711 -66.25
116.751 -66.248
116.791 -66.246
116.811 -66.2451
116.829 -66.2441
116.868 -66.2422
116.907 -66.2402
116.947 -66.2382
116.986 -66.2362
117.025 -66.2342
117.064 -66.2322
117.102 -66.2302
117.162 -66.227
117.222 -66.2239
117.258 -66.2219
117.295 -66.22
117.331 -66.218
117.394 -66.2146
117.458 -66.2111
117.521 -66.2076
117.584 -66.204
117.648 -66.2004
117.711 -66.1967
117.775 -66.193
117.838 -66.1893
117.901 -66.1855
117.965 -66.1817
118.028 -66.1778
118.091 -66.1739
118.155 -66.1699
118.218 -66.1659
118.281 -66.1618
118.345 -66.1577
118.408 -66.1535
118.472 -66.1493
118.535 -66.145
118.598 -66.1406
118.662 -66.1362
118.761 -66.1293
118.86 -66.1222
118.959 -66.1149
119.058 -66.1075
119.157 -66.1
119.332 -66.0863
119.507 -66.0721
119.682 -66.0574
119.857 -66.0423
120.032 -66.0266
120.208 -66.0105
120.493 -65.983
120.779 -65.9541
121.064 -65.9237
121.35 -65.892
121.635 -65.8587
122.069 -65.8055
122.503 -65.7488
122.936 -65.6889
123.37 -65.6257
123.804 -65.5594
124.238 -65.4899
124.672 -65.4175
125.105 -65.3422
125.539 -65.2641
125.973 -65.1835
126.407 -65.1003
126.841 -65.0149
127.274 -64.9272
127.708 -64.8375
128.142 -64.746
128.576 -64.6527
129.23 -64.5089
129.885 -64.362
130.539 -64.2124
131.193 -64.0605
131.848 -63.9066
132.502 -63.7513
133.156 -63.5948
133.811 -63.4375
134.465 -63.2797
135.12 -63.1215
135.774 -62.9633
136.428 -62.8052
137.083 -62.6475
137.737 -62.4903
138.392 -62.3337
139.046 -62.1779
139.7 -62.0229
140.355 -61.8688
141.009 -61.7157
141.663 -61.5638
142.318 -61.4129
142.972 -61.2631
143.627 -61.1145
144.281 -60.9671
144.935 -60.8208
145.59 -60.6757
146.244 -60.5318
146.899 -60.3891
147.553 -60.2474
148.207 -60.1069
148.862 -59.9675
149.516 -59.8291
150.17 -59.6918
150.825 -59.5554
151.479 -59.42
152.134 -59.2855
152.788 -59.1519
153.442 -59.0191
154.097 -58.8871
154.751 -58.7558
155.406 -58.6252
156.06 -58.4952
156.714 -58.3658
157.369 -58.237
158.023 -58.1086
158.678 -57.9806
159.332 -57.853
159.986 -57.7256
160.641 -57.5984
161.295 -57.4716
161.949 -57.3447
162.604 -57.2178
163.258 -57.0909
164.246 -56.8989
165.234 -56.7066
166.221 -56.513
167.209 -56.3179
168.197 -56.1214
169.185 -55.9225
170.172 -55.7211
171.16 -55.5154
172.148 -55.307
173.135 -55.0932
174.123 -54.8738
174.666 -54.7493
175.209 -54.6235
175.753 -54.4949
176.296 -54.3635
176.839 -54.2289
177.382 -54.0908
177.925 -53.9483
178.468 -53.8021
179.011 -53.6504
179.554 -53.4925
180.098 -53.3288
180.641 -53.1576
180.934 -53.061
181.227 -52.9628
181.521 -52.8617
181.814 -52.7574
182.107 -52.6494
182.401 -52.5382
182.694 -52.4229
182.987 -52.3033
183.281 -52.179
183.574 -52.0492
183.867 -51.9146
184.161 -51.7734
184.454 -51.6243
184.747 -51.4672
185.041 -51.3014
185.334 -51.1255
185.627 -50.9381
185.92 -50.7375
186.214 -50.5203
186.507 -50.2822
186.664 -50.1443
186.821 -50.0023
186.978 -49.8514
187.135 -49.6901
187.292 -49.5197
187.449 -49.3358
187.532 -49.232
187.614 -49.1257
187.697 -49.0142
187.78 -48.8974
187.862 -48.7748
187.904 -48.7101
187.946 -48.6437
187.964 -48.6155
187.981 -48.5869
187.999 -48.5581
188.029 -48.508
188.059 -48.4568
188.089 -48.4046
188.118 -48.3511
188.165 -48.2647
188.193 -48.2124
188.221 -48.159
188.262 -48.0763
188.304 -47.9907
188.345 -47.9021
188.387 -47.8098
188.428 -47.7137
188.47 -47.6135
188.511 -47.5089
188.553 -47.3991
188.594 -47.284
188.636 -47.1628
188.656 -47.1015
188.676 -47.0387
188.696 -46.9741
188.728 -46.8701
188.759 -46.7608
188.79 -46.6461
188.821 -46.5251
188.853 -46.3972
188.884 -46.2616
188.915 -46.1175
188.947 -45.964
188.978 -45.8001
189.009 -45.6244
189.04 -45.4349
189.072 -45.2317
189.103 -45.0127
189.134 -44.7766
189.166 -44.5215
189.197 -44.2426
189.228 -43.9416
189.259 -43.6132
189.291 -43.253
189.338 -42.6317
189.385 -41.9034
189.433 -41.0119
189.48 -39.8314
189.492 -39.4689
189.504 -39.0827
189.515 -38.6575
189.527 -38.1844
189.539 -37.65
189.551 -37.0411
189.563 -36.3336
189.574 -35.4986
189.586 -34.4762
189.589 -34.1879
189.592 -33.8852
189.598 -33.2495
189.604 -32.5406
189.609 -31.7491
189.615 -30.8627
189.621 -29.8689
189.627 -28.754
189.632 -27.5024
189.638 -26.0963
189.644 -24.5158
189.649 -22.7392
189.655 -20.745
189.661 -18.5123
189.667 -16.0254
189.672 -13.2758
189.678 -10.2667
189.684 -7.01752
189.689 -3.56206
189.695 0.0467034
189.698 2.00481
189.701 3.99237
189.707 7.70099
189.713 11.3101
189.719 14.7373
189.724 17.905
189.73 20.7666
189.736 23.2903
189.742 25.4578
189.747 27.2711
189.753 28.7447
189.759 29.9071
189.765 30.7874
189.77 31.4176
189.776 31.8263
189.785 32.0933
189.794 31.9679
189.804 31.4887
189.813 30.7506
189.822 29.7924
189.831 28.6777
189.84 27.4328
189.849 26.0891
189.859 24.7169
189.868 23.3167
189.877 21.9316
189.886 20.5313
189.895 19.1696
189.904 17.8272
189.914 16.4859
189.923 15.1645
189.937 13.1954
189.951 11.2461
189.965 9.33645
189.978 7.48187
189.992 5.64188
190.006 3.87435
190.02 2.15187
190.034 0.467652
190.048 -1.17634
190.062 -2.78417
190.076 -4.3685
190.09 -5.92581
190.104 -7.46108
190.118 -8.97435
190.132 -10.4686
190.145 -11.9359
190.159 -13.3785
190.173 -14.7949
190.187 -16.1906
190.201 -17.5664
190.215 -18.9275
190.229 -20.2799
190.243 -21.6351
190.257 -22.9939
190.271 -24.3702
190.285 -25.7684
190.299 -27.2037
190.312 -28.6742
190.326 -30.1945
190.34 -31.7573
190.354 -33.369
190.368 -35.0144
190.382 -36.6942
190.391 -37.8306
190.401 -38.9681
190.41 -40.0992
190.419 -41.2148
190.429 -42.307
190.438 -43.3686
190.448 -44.3915
190.457 -45.3693
190.466 -46.2969
190.476 -47.1714
190.485 -47.9906
190.494 -48.7543
190.509 -49.8079
190.523 -50.7432
190.537 -51.5715
190.551 -52.3027
190.565 -52.9501
190.58 -53.5263
190.603 -54.3615
190.627 -55.0691
190.651 -55.6739
190.675 -56.2007
190.699 -56.6689
190.723 -57.0898
190.747 -57.4724
190.77 -57.817
190.794 -58.1334
190.818 -58.4239
190.842 -58.6916
190.866 -58.9397
190.89 -59.17
190.914 -59.385
190.937 -59.5863
190.961 -59.7749
190.985 -59.9526
191.009 -60.12
191.033 -60.2782
191.057 -60.4283
191.08 -60.5706
191.104 -60.7059
191.128 -60.8349
191.152 -60.9582
191.176 -61.076
191.2 -61.1891
191.224 -61.2976
191.247 -61.4019
191.271 -61.5023
191.295 -61.5993
191.319 -61.6928
191.343 -61.7833
191.367 -61.8709
191.391 -61.9559
191.414 -62.0384
191.438 -62.1185
191.462 -62.1964
191.486 -62.2722
191.51 -62.3461
191.534 -62.4183
191.558 -62.4886
191.581 -62.5573
191.605 -62.6245
191.629 -62.6902
191.653 -62.7544
191.677 -62.8174
191.701 -62.8791
191.724 -62.9395
191.748 -62.9988
191.772 -63.057
191.786 -63.0891
191.799 -63.121
191.812 -63.1525
191.837 -63.2099
191.862 -63.2663
191.887 -63.3217
191.911 -63.3761
191.936 -63.4295
191.961 -63.4821
191.986 -63.5338
192.01 -63.5846
192.035 -63.6347
192.06 -63.6839
192.098 -63.7589
192.137 -63.8321
192.175 -63.9035
192.214 -63.9733
192.252 -64.0416
192.29 -64.1082
192.329 -64.1734
192.367 -64.2371
192.391 -64.2758
192.415 -64.314
192.439 -64.3517
192.463 -64.3888
192.486 -64.4254
192.51 -64.4616
192.534 -64.4972
192.558 -64.5323
192.582 -64.5669
192.605 -64.601
192.629 -64.6346
192.653 -64.6678
192.677 -64.7004
192.701 -64.7327
192.725 -64.7644
192.748 -64.7957
192.772 -64.8265
192.796 -64.8569
192.82 -64.8868
192.844 -64.9163
192.867 -64.9454
192.891 -64.974
192.915 -65.0022
192.939 -65.03
192.963 -65.0574
192.987 -65.0843
193.01 -65.1109
193.034 -65.137
193.058 -65.1627
193.082 -65.188
193.106 -65.213
193.13 -65.2375
193.153 -65.2617
193.177 -65.2854
193.201 -65.3088
193.225 -65.3318
193.249 -65.3545
193.272 -65.3768
193.296 -65.3987
193.32 -65.4202
193.344 -65.4414
193.368 -65.4622
193.392 -65.4827
193.415 -65.5028
193.439 -65.5226
193.463 -65.5421
193.487 -65.5612
193.511 -65.5799
193.534 -65.5984
193.558 -65.6165
193.582 -65.6342
193.606 -65.6517
193.63 -65.6688
193.654 -65.6856
193.677 -65.7021
193.701 -65.7183
193.725 -65.7342
193.749 -65.7497
193.762 -65.7585
193.776 -65.7671
193.799 -65.7815
193.822 -65.7957
193.845 -65.8096
193.868 -65.8232
193.891 -65.8366
193.914 -65.8496
193.937 -65.8624
193.96 -65.875
193.983 -65.8873
194.007 -65.8993
194.03 -65.9111
194.053 -65.9226
194.076 -65.9339
194.099 -65.9449
194.122 -65.9557
194.158 -65.9719
194.176 -65.9801
194.195 -65.9882
194.213 -65.9961
194.241 -66.0077
194.269 -66.019
194.297 -66.03
194.325 -66.0407
194.353 -66.051
194.381 -66.0611
194.409 -66.0708
194.452 -66.0851
194.494 -66.0988
194.537 -66.1118
194.58 -66.1242
194.623 -66.136
194.666 -66.1472
194.708 -66.1578
194.751 -66.1679
194.794 -66.1774
194.819 -66.1827
194.843 -66.1878
194.868 -66.1927
194.892 -66.1975
194.917 -66.2021
194.931 -66.2046
194.945 -66.207
194.967 -66.211
194.99 -66.2149
195.013 -66.2187
195.036 -66.2223
195.059 -66.2258
195.082 -66.2292
195.105 -66.2325
195.128 -66.2357
195.15 -66.2387
195.173 -66.2417
195.196 -66.2446
195.219 -66.2474
195.242 -66.25
195.265 -66.2526
195.288 -66.2551
195.311 -66.2575
195.333 -66.2598
195.356 -66.262
195.379 -66.2642
195.402 -66.2662
195.437 -66.2692
195.471 -66.272
195.505 -66.2746
195.54 -66.277
195.561 -66.2785
195.582 -66.2799
195.604 -66.2812
195.625 -66.2825
195.646 -66.2837
195.668 -66.2849
195.689 -66.286
195.71 -66.287
195.732 -66.2881
195.753 -66.289
195.774 -66.29
195.796 -66.2908
195.817 -66.2917
195.838 -66.2925
195.86 -66.2933
195.881 -66.294
195.902 -66.2946
195.924 -66.2953
195.945 -66.2959
195.966 -66.2965
195.988 -66.297
196.001 -66.2973
196.014 -66.2976
196.038 -66.2981
196.062 -66.2986
196.086 -66.299
196.11 -66.2994
196.134 -66.2998
196.158 -66.3001
196.182 -66.3004
196.206 -66.3006
196.23 -66.3008
196.254 -66.301
196.278 -66.3012
196.302 -66.3013
196.326 -66.3014
196.337 -66.3015
196.349 -66.3015
196.374 -66.3015
196.4 -66.3015
196.425 -66.3015
196.45 -66.3015
196.475 -66.3014
196.501 -66.3013
196.526 -66.3012
196.551 -66.3011
196.576 -66.3009
196.602 -66.3007
196.627 -66.3005
196.665 -66.3002
196.704 -66.2998
196.743 -66.2993
196.781 -66.2988
196.82 -66.2983
196.858 -66.2977
196.897 -66.2971
196.936 -66.2965
196.974 -66.2958
197.013 -66.2951
197.051 -66.2944
197.09 -66.2936
197.129 -66.2928
197.167 -66.292
197.206 -66.2911
197.244 -66.2902
197.283 -66.2893
197.321 -66.2884
197.36 -66.2875
197.399 -66.2865
197.437 -66.2855
197.476 -66.2845
197.514 -66.2835
197.553 -66.2824
197.592 -66.2814
197.63 -66.2803
197.669 -66.2792
197.707 -66.278
197.746 -66.2769
197.785 -66.2757
197.823 -66.2746
197.862 -66.2734
197.9 -66.2722
197.939 -66.2709
197.978 -66.2697
198.016 -66.2684
198.055 -66.2672
198.093 -66.2659
198.132 -66.2646
198.17 -66.2633
198.209 -66.2619
198.248 -66.2606
198.286 -66.2592
198.325 -66.2578
198.363 -66.2564
198.402 -66.255
198.441 -66.2536
198.479 -66.2522
198.518 -66.2507
198.556 -66.2492
198.595 -66.2477
198.634 -66.2462
198.672 -66.2447
198.711 -66.2432
198.749 -66.2416
198.788 -66.2401
198.826 -66.2385
198.865 -66.2369
198.904 -66.2353
198.942 -66.2336
199.001 -66.2311
199.06 -66.2286
199.119 -66.226
199.177 -66.2233
199.236 -66.2207
199.295 -66.2179
199.354 -66.2152
199.413 -66.2124
199.472 -66.2096
199.56 -66.2052
199.648 -66.2008
199.737 -66.1962
199.825 -66.1916
199.913 -66.1869
200.002 -66.182
200.09 -66.1771
200.151 -66.1736
200.213 -66.17
200.274 -66.1665
200.335 -66.1628
200.396 -66.1591
200.457 -66.1553
200.518 -66.1515
200.579 -66.1477
200.641 -66.1438
200.738 -66.1374
200.892 -66.1271
201.045 -66.1164
201.199 -66.1053
201.352 -66.0938
201.506 -66.082
201.66 -66.0697
201.905 -66.0493
202.151 -66.0278
202.397 -66.0052
202.642 -65.9816
202.888 -65.9568
203.263 -65.917
203.637 -65.8746
204.011 -65.8297
204.386 -65.7822
204.76 -65.7321
205.135 -65.6796
205.509 -65.6246
205.884 -65.5672
206.258 -65.5075
206.632 -65.4455
207.198 -65.3479
207.763 -65.2456
208.328 -65.1389
208.894 -65.0281
209.459 -64.9137
210.024 -64.7958
210.589 -64.6749
211.155 -64.5513
211.72 -64.4252
212.285 -64.297
212.851 -64.1669
213.416 -64.0353
213.981 -63.9023
214.547 -63.7683
215.112 -63.6334
215.677 -63.4979
216.242 -63.3619
216.808 -63.2257
217.373 -63.0894
217.938 -62.953
218.504 -62.8169
219.069 -62.681
219.634 -62.5455
220.2 -62.4105
220.765 -62.276
221.33 -62.1422
221.895 -62.009
222.461 -61.8766
223.026 -61.745
223.591 -61.6142
224.157 -61.4842
224.722 -61.3551
225.287 -61.227
225.853 -61.0997
226.418 -60.9733
226.983 -60.8479
227.548 -60.7233
228.114 -60.5997
228.679 -60.477
229.244 -60.3552
229.81 -60.2342
230.375 -60.1142
230.94 -59.995
231.506 -59.8766
232.071 -59.759
232.636 -59.6423
233.201 -59.5263
233.767 -59.4111
234.659 -59.2306
235.552 -59.0518
236.445 -58.8748
237.337 -58.6991
238.23 -58.5248
239.123 -58.3519
240.015 -58.18
240.908 -58.0092
241.8 -57.8393
242.693 -57.6702
243.586 -57.5015
244.478 -57.3335
245.371 -57.1657
246.264 -56.9981
247.156 -56.8304
248.049 -56.6625
248.941 -56.4939
249.834 -56.325
250.727 -56.1552
251.619 -55.9841
252.512 -55.8115
253.405 -55.6374
254.297 -55.4609
255.19 -55.2822
256.082 -55.1
256.975 -54.9152
257.868 -54.7261
258.76 -54.5318
259.653 -54.3316
260.546 -54.1257
261.438 -53.9117
261.9 -53.7964
262.362 -53.6795
262.824 -53.5594
263.287 -53.4362
263.749 -53.3094
264.211 -53.1783
264.673 -53.0435
265.135 -52.9037
265.597 -52.7587
266.059 -52.6066
266.521 -52.4481
266.983 -52.2824
267.445 -52.108
267.907 -51.9241
268.369 -51.7293
268.831 -51.5207
269.293 -51.2957
269.546 -51.1647
269.799 -51.0299
270.052 -50.8882
270.305 -50.74
270.558 -50.5818
270.81 -50.4154
271.063 -50.239
271.316 -50.0514
271.569 -49.8509
271.822 -49.6358
272.075 -49.3966
272.328 -49.142
272.58 -48.8583
272.714 -48.6936
272.847 -48.5214
272.98 -48.3371
273.113 -48.1397
273.246 -47.9249
273.379 -47.6953
273.513 -47.4373
273.577 -47.3042
273.642 -47.1649
273.706 -47.0175
273.771 -46.861
273.835 -46.6944
273.853 -46.6467
273.871 -46.5983
273.888 -46.5489
273.905 -46.5006
273.922 -46.4514
273.961 -46.3374
273.999 -46.2183
274.058 -46.0218
274.118 -45.8103
274.152 -45.6795
274.186 -45.542
274.221 -45.3969
274.255 -45.2436
274.289 -45.0804
274.324 -44.907
274.358 -44.7218
274.392 -44.5213
274.427 -44.3058
274.461 -44.0718
274.495 -43.815
274.529 -43.5312
274.564 -43.2105
274.598 -42.8523
274.632 -42.4373
274.667 -41.9424
274.701 -41.3298
274.721 -40.8872
274.74 -40.3473
274.752 -39.9486
274.764 -39.4704
274.775 -38.8971
274.787 -38.2063
274.799 -37.3953
274.811 -36.4394
274.822 -35.3099
274.834 -33.9562
274.846 -32.3202
274.857 -30.3383
274.869 -27.9122
274.871 -27.585
274.872 -27.2533
274.873 -26.9131
274.876 -26.1927
274.879 -25.4327
274.882 -24.6316
274.887 -22.9681
274.897 -19.5534
274.907 -15.4892
274.916 -10.7022
274.917 -10.3484
274.918 -9.96108
274.919 -9.24148
274.922 -7.65812
274.925 -6.02971
274.93 -3.107
274.935 -0.123559
274.939 2.95863
274.944 6.0387
274.949 9.08144
274.954 12.0372
274.959 14.8607
274.967 18.9398
274.974 22.4698
274.982 25.3612
274.99 27.6579
274.997 29.3879
275.005 30.5781
275.013 31.3549
275.021 31.731
275.028 31.7888
275.036 31.602
275.044 31.2007
275.055 30.2442
275.067 28.9566
275.079 27.3926
275.09 25.7742
275.091 25.5942
275.093 25.4098
275.094 25.14
275.099 24.4871
275.106 23.5025
275.113 22.4088
275.12 21.2474
275.128 20.1386
275.135 19.0731
275.147 17.3533
275.158 15.6595
275.17 13.9857
275.182 12.3391
275.194 10.7024
275.205 9.10285
275.217 7.53366
275.229 5.9892
275.241 4.48287
275.252 3.00793
275.264 1.56575
275.276 0.155574
275.288 -1.22874
275.3 -2.58859
275.311 -3.93336
275.323 -5.25693
275.335 -6.56496
275.347 -7.86016
275.358 -9.13768
275.37 -10.4004
275.382 -11.6454
275.394 -12.8717
275.405 -14.0805
275.417 -15.2715
275.429 -16.446
275.441 -17.6085
275.453 -18.7611
275.464 -19.908
275.476 -21.054
275.488 -22.2036
275.5 -23.3619
275.511 -24.5349
275.523 -25.7267
275.535 -26.9435
275.547 -28.1901
275.559 -29.4696
275.57 -30.7839
275.582 -32.1319
275.594 -33.5109
275.606 -34.9167
275.617 -36.3416
275.629 -37.7755
275.641 -39.2065
275.653 -40.6186
275.664 -41.9963
275.676 -43.3253
275.688 -44.5923
275.7 -45.7831
275.712 -46.8939
275.723 -47.9177
275.735 -48.8551
275.747 -49.7084
275.759 -50.482
275.77 -51.1815
275.789 -52.1357
275.807 -52.9505
275.825 -53.6596
275.843 -54.2722
275.861 -54.8099
275.88 -55.2896
275.898 -55.7208
275.916 -56.1117
275.934 -56.4687
275.953 -56.7967
275.964 -56.9901
275.975 -57.1738
275.987 -57.3492
276.006 -57.6238
276.025 -57.8789
276.044 -58.1169
276.063 -58.3394
276.082 -58.548
276.101 -58.744
276.131 -59.025
276.16 -59.2828
276.189 -59.5196
276.219 -59.7382
276.231 -59.8228
276.243 -59.9053
276.266 -60.0536
276.289 -60.194
276.311 -60.3271
276.334 -60.4537
276.357 -60.5743
276.379 -60.6893
276.402 -60.7991
276.425 -60.9043
276.447 -61.0051
276.47 -61.1019
276.493 -61.195
276.515 -61.2846
276.538 -61.371
276.561 -61.4544
276.584 -61.5351
276.606 -61.6132
276.629 -61.6889
276.652 -61.7623
276.674 -61.8336
276.697 -61.903
276.72 -61.9705
276.742 -62.0363
276.765 -62.1004
276.788 -62.1631
276.811 -62.2242
276.833 -62.2841
276.856 -62.3426
276.879 -62.3999
276.901 -62.4561
276.924 -62.5112
276.947 -62.5652
276.969 -62.6183
276.992 -62.6704
277.015 -62.7216
277.037 -62.7719
277.06 -62.8215
277.083 -62.8702
277.106 -62.9182
277.128 -62.9655
277.151 -63.0121
277.174 -63.058
277.196 -63.1033
277.219 -63.1479
277.242 -63.192
277.264 -63.2355
277.301 -63.3053
277.339 -63.3737
277.376 -63.4408
277.413 -63.5065
277.45 -63.5711
277.472 -63.6092
277.494 -63.647
277.516 -63.6843
277.539 -63.7212
277.561 -63.7578
277.583 -63.7939
277.605 -63.8296
277.628 -63.8649
277.65 -63.8999
277.672 -63.9345
277.694 -63.9687
277.717 -64.0025
277.739 -64.036
277.761 -64.0691
277.783 -64.1019
277.806 -64.1342
277.828 -64.1663
277.85 -64.198
277.872 -64.2293
277.895 -64.2603
277.917 -64.2909
277.939 -64.3212
277.961 -64.3512
277.984 -64.3808
277.997 -64.3986
278.011 -64.4162
278.031 -64.4433
278.052 -64.47
278.073 -64.4965
278.094 -64.5227
278.115 -64.5486
278.136 -64.5742
278.156 -64.5995
278.177 -64.6246
278.198 -64.6494
278.219 -64.6739
278.24 -64.6981
278.261 -64.722
278.281 -64.7457
278.302 -64.7691
278.323 -64.7922
278.344 -64.8151
278.365 -64.8377
278.386 -64.86
278.407 -64.8821
278.427 -64.9039
278.448 -64.9255
278.469 -64.9467
278.49 -64.9678
278.511 -64.9885
278.532 -65.009
278.552 -65.0293
278.573 -65.0493
278.594 -65.0691
278.615 -65.0886
278.636 -65.1078
278.657 -65.1269
278.677 -65.1456
278.698 -65.1641
278.719 -65.1824
278.74 -65.2004
278.761 -65.2182
278.782 -65.2358
278.802 -65.2531
278.823 -65.2702
278.844 -65.287
278.865 -65.3036
278.886 -65.32
278.907 -65.3362
278.927 -65.3521
278.948 -65.3677
278.969 -65.3832
278.99 -65.3984
279.011 -65.4134
279.032 -65.4282
279.052 -65.4428
279.073 -65.4571
279.094 -65.4712
279.115 -65.4851
279.136 -65.4988
279.157 -65.5123
279.178 -65.5255
279.198 -65.5386
279.219 -65.5514
279.24 -65.564
279.261 -65.5764
279.282 -65.5886
279.303 -65.6006
279.323 -65.6124
279.356 -65.6307
279.389 -65.6485
279.422 -65.6658
279.455 -65.6826
279.488 -65.699
279.521 -65.7149
279.554 -65.7303
279.587 -65.7453
279.62 -65.7598
279.653 -65.7739
279.686 -65.7877
279.719 -65.8009
279.752 -65.8138
279.785 -65.8263
279.818 -65.8384
279.851 -65.8502
279.884 -65.8615
279.917 -65.8725
279.95 -65.8832
279.983 -65.8935
280.016 -65.9035
280.049 -65.9131
280.082 -65.9225
280.115 -65.9315
280.126 -65.9346
280.138 -65.9376
280.161 -65.9437
280.185 -65.9496
280.208 -65.9554
280.244 -65.9641
280.281 -65.9725
280.317 -65.9806
280.353 -65.9884
280.39 -65.9958
280.426 -66.003
280.463 -66.0099
280.477 -66.0126
280.491 -66.0151
280.513 -66.0191
280.535 -66.0229
280.557 -66.0266
280.579 -66.0303
280.601 -66.0338
280.636 -66.0392
280.67 -66.0444
280.704 -66.0494
280.739 -66.0541
280.773 -66.0587
280.807 -66.0632
280.841 -66.0674
280.876 -66.0715
280.91 -66.0754
280.944 -66.0792
280.979 -66.0828
281.013 -66.0863
281.047 -66.0897
281.082 -66.0929
281.116 -66.096
281.135 -66.0976
281.154 -66.0993
281.173 -66.1008
281.192 -66.1024
281.211 -66.1039
281.23 -66.1054
281.25 -66.1068
281.269 -66.1083
281.288 -66.1096
281.307 -66.111
281.326 -66.1123
281.359 -66.1145
281.392 -66.1167
281.425 -66.1187
281.458 -66.1207
281.476 -66.1217
281.494 -66.1227
281.524 -66.1243
281.539 -66.1251
281.554 -66.1258
281.581 -66.1272
281.608 -66.1285
281.635 -66.1298
281.661 -66.131
281.688 -66.1322
281.715 -66.1333
281.742 -66.1344
281.769 -66.1355
281.796 -66.1365
281.823 -66.1374
281.85 -66.1384
281.877 -66.1393
281.924 -66.1408
281.971 -66.1422
282.019 -66.1435
282.066 -66.1448
282.083 -66.1452
282.101 -66.1456
282.127 -66.1462
282.154 -66.1468
282.194 -66.1477
282.234 -66.1484
282.274 -66.1492
282.314 -66.1499
282.354 -66.1505
282.394 -66.1511
282.434 -66.1516
282.474 -66.1521
282.514 -66.1525
282.554 -66.1529
282.594 -66.1533
282.634 -66.1536
282.674 -66.1539
282.715 -66.1541
282.755 -66.1543
282.795 -66.1545
282.835 -66.1546
282.875 -66.1547
282.915 -66.1547
282.955 -66.1548
282.995 -66.1548
283.035 -66.1547
283.075 -66.1547
283.115 -66.1546
283.155 -66.1544
283.195 -66.1543
283.235 -66.1541
283.256 -66.154
283.277 -66.1538
283.298 -66.1537
283.318 -66.1536
283.339 -66.1534
283.374 -66.1532
283.429 -66.1527
283.484 -66.1523
283.539 -66.1517
283.576 -66.1513
283.601 -66.151
283.625 -66.1507
283.65 -66.1505
283.675 -66.1501
283.7 -66.1498
283.739 -66.1493
283.778 -66.1488
283.817 -66.1482
283.856 -66.1476
283.896 -66.147
283.935 -66.1463
283.974 -66.1457
284.013 -66.145
284.053 -66.1442
284.092 -66.1435
284.131 -66.1427
284.17 -66.1419
284.248 -66.1403
284.294 -66.1393
284.34 -66.1383
284.386 -66.1372
284.463 -66.1353
284.541 -66.1333
284.618 -66.1312
284.696 -66.129
284.773 -66.1268
284.851 -66.1244
284.928 -66.1219
285.006 -66.1194
285.084 -66.1167
285.161 -66.114
285.239 -66.1111
285.316 -66.1082
285.394 -66.1051
285.471 -66.102
285.549 -66.0987
285.626 -66.0954
285.704 -66.0919
285.782 -66.0883
285.859 -66.0847
285.978 -66.0788
286.097 -66.0728
286.216 -66.0664
286.335 -66.0599
286.453 -66.053
286.654 -66.0409
286.855 -66.028
287.055 -66.0144
287.256 -66
287.456 -65.9849
287.769 -65.9597
288.082 -65.9325
288.395 -65.9035
288.708 -65.8725
289.021 -65.8396
289.504 -65.7851
289.986 -65.7261
290.469 -65.6626
290.952 -65.5948
291.435 -65.5229
291.918 -65.4469
292.401 -65.3671
292.883 -65.2836
293.366 -65.1967
293.849 -65.1065
294.332 -65.0133
294.815 -64.9172
295.298 -64.8185
295.78 -64.7174
296.263 -64.6141
296.746 -64.5088
297.229 -64.4017
297.712 -64.293
298.195 -64.1829
298.983 -64.0004
299.772 -63.8152
300.56 -63.6282
301.349 -63.4398
302.138 -63.2505
302.926 -63.0609
303.715 -62.8713
304.504 -62.6821
305.292 -62.4936
306.081 -62.306
306.87 -62.1197
307.658 -61.9346
308.447 -61.7511
309.235 -61.5691
310.024 -61.3889
310.813 -61.2103
311.601 -61.0336
312.39 -60.8586
313.179 -60.6855
313.967 -60.5142
314.756 -60.3446
315.544 -60.1769
316.333 -60.0108
317.122 -59.8464
317.91 -59.6836
318.699 -59.5224
319.488 -59.3628
320.276 -59.2046
321.065 -59.0477
321.854 -58.8922
322.642 -58.738
323.431 -58.5848
324.219 -58.4329
325.008 -58.2819
325.797 -58.1318
326.585 -57.9827
327.374 -57.8343
328.163 -57.6865
328.951 -57.5392
329.74 -57.3927
330.529 -57.2464
331.317 -57.1004
332.106 -56.9546
332.894 -56.8089
333.683 -56.6631
334.472 -56.517
335.26 -56.371
336.049 -56.2241
336.838 -56.0768
337.626 -55.9288
338.415 -55.7799
339.204 -55.6295
339.992 -55.4779
340.781 -55.3252
341.569 -55.1701
342.358 -55.0131
343.147 -54.8537
343.935 -54.6916
344.724 -54.5256
345.513 -54.3567
346.301 -54.1828
347.09 -54.0043
347.879 -53.8205
348.667 -53.6304
349.456 -53.4295
350.244 -53.225
351.033 -53.0063
351.822 -52.7769
352.61 -52.5318
353.399 -52.2672
354.188 -51.9882
354.976 -51.6779
355.765 -51.3398
356.554 -50.9401
357.03 -50.6913
357.506 -50.4062
357.982 -50.0971
358.459 -49.7474
358.935 -49.3491
359.411 -48.888
359.712 -48.5517
360.013 -48.1699
360.314 -47.7177
360.615 -47.1844
360.801 -46.7954
360.987 -46.3378
361.173 -45.775
361.219 -45.6143
361.266 -45.4414
361.349 -45.1019
361.39 -44.9189
361.412 -44.8118
361.435 -44.7001
361.487 -44.4187
361.539 -44.1022
361.572 -43.8799
361.604 -43.6367
361.637 -43.3635
361.658 -43.1691
361.678 -42.9585
361.699 -42.7201
361.72 -42.4506
361.732 -42.2564
361.745 -42.0422
361.752 -41.9015
361.759 -41.7497
361.766 -41.5803
361.773 -41.391
361.781 -41.1784
361.788 -40.9398
361.795 -40.6729
361.802 -40.3762
361.809 -40.0484
361.814 -39.8354
361.818 -39.6099
361.826 -39.1595
361.834 -38.6615
361.842 -38.1102
361.85 -37.4983
361.858 -36.8184
361.866 -36.0603
361.874 -35.2135
361.882 -34.2635
361.89 -33.1934
361.898 -31.9828
361.906 -30.6061
361.914 -29.032
361.922 -27.2228
361.93 -25.1344
361.938 -22.71
361.946 -19.9146
361.954 -16.6749
361.962 -12.9705
361.97 -8.79863
361.978 -4.21848
361.981 -2.329
361.985 -0.353453
361.99 3.13992
361.996 6.6507
362.002 10.092
362.007 13.3878
362.013 16.4775
362.018 19.3084
362.024 21.8457
362.03 24.0665
362.035 25.9627
362.041 27.5424
362.046 28.821
362.052 29.823
362.06 30.8727
362.069 31.4347
362.077 31.6319
362.086 31.4763
362.094 31.0447
362.103 30.3877
362.111 29.5473
362.12 28.5427
362.128 27.4403
362.136 26.2524
362.145 25.0214
362.153 23.765
362.162 22.4995
362.17 21.2295
362.179 19.9778
362.187 18.7315
362.196 17.5022
362.209 15.5691
362.222 13.6564
362.236 11.7876
362.249 9.95111
362.263 8.13539
362.276 6.36374
362.289 4.64738
362.303 2.95674
362.316 1.31261
362.33 -0.287789
362.343 -1.8611
362.357 -3.40568
362.37 -4.92599
362.383 -6.42561
362.397 -7.9037
362.41 -9.3654
362.424 -10.8046
362.437 -12.2217
362.45 -13.6136
362.464 -14.9838
362.477 -16.334
362.491 -17.6663
362.504 -18.988
362.518 -20.3025
362.531 -21.6192
362.544 -22.9457
362.558 -24.2877
362.571 -25.655
362.585 -27.0567
362.598 -28.4968
362.611 -29.9821
362.625 -31.5127
362.638 -33.0853
362.652 -34.6938
362.665 -36.3295
362.674 -37.4743
362.684 -38.6184
362.693 -39.7552
362.702 -40.8763
362.712 -41.9746
362.721 -43.0418
362.73 -44.0709
362.74 -45.0555
362.749 -45.991
362.758 -46.8738
362.768 -47.7024
362.777 -48.4756
362.791 -49.5493
362.805 -50.5046
362.82 -51.3501
362.834 -52.0976
362.848 -52.7594
362.862 -53.3478
362.884 -54.1279
362.906 -54.7934
362.927 -55.3663
362.949 -55.8709
362.971 -56.3194
362.992 -56.7227
363.014 -57.0879
363.035 -57.4217
363.05 -57.633
363.065 -57.8321
363.08 -58.0202
363.095 -58.1979
363.117 -58.4476
363.139 -58.6784
363.162 -58.8926
363.184 -59.0918
363.206 -59.2777
363.22 -59.3836
363.233 -59.4854
363.259 -59.6701
363.285 -59.8421
363.31 -60.0023
363.336 -60.1526
363.362 -60.2932
363.388 -60.4255
363.413 -60.5499
363.439 -60.6674
363.465 -60.7784
363.491 -60.8838
363.516 -60.9837
363.542 -61.0788
363.568 -61.1694
363.594 -61.2559
363.619 -61.3386
363.645 -61.4178
363.671 -61.4938
363.697 -61.5669
363.723 -61.6372
363.74 -61.6833
363.757 -61.7283
363.775 -61.7723
363.792 -61.8152
363.81 -61.8573
363.836 -61.9193
363.862 -61.9794
363.889 -62.0378
363.915 -62.0946
363.942 -62.1498
363.968 -62.2037
363.994 -62.2562
364.021 -62.3075
364.047 -62.3578
364.062 -62.3848
364.076 -62.4115
364.1 -62.4548
364.123 -62.4973
364.147 -62.5391
364.171 -62.5803
364.195 -62.6209
364.218 -62.6609
364.242 -62.7004
364.266 -62.7394
364.289 -62.7779
364.313 -62.816
364.349 -62.8735
364.385 -62.9302
364.422 -62.986
364.458 -63.041
364.494 -63.0953
364.531 -63.1489
364.567 -63.2019
364.603 -63.2543
364.639 -63.306
364.676 -63.3572
364.712 -63.4078
364.748 -63.4579
364.784 -63.5074
364.821 -63.5563
364.857 -63.6047
364.88 -63.6352
364.903 -63.6655
364.926 -63.6956
364.949 -63.7254
364.972 -63.7551
364.995 -63.7845
365.018 -63.8137
365.042 -63.8426
365.065 -63.8714
365.088 -63.8999
365.111 -63.9282
365.134 -63.9562
365.157 -63.984
365.18 -64.0116
365.203 -64.039
365.218 -64.057
365.234 -64.075
365.249 -64.0928
365.274 -64.1219
365.299 -64.1508
365.325 -64.1793
365.35 -64.2076
365.375 -64.2356
365.4 -64.2633
365.425 -64.2908
365.451 -64.3179
365.476 -64.3448
365.501 -64.3714
365.526 -64.3977
365.551 -64.4237
365.577 -64.4494
365.602 -64.4749
365.615 -64.4882
365.629 -64.5015
365.642 -64.5147
365.655 -64.5278
365.677 -64.5487
365.698 -64.5694
365.71 -64.5808
365.722 -64.5921
365.743 -64.6123
365.765 -64.6323
365.786 -64.6521
365.808 -64.6717
365.829 -64.6911
365.85 -64.7103
365.872 -64.7292
365.893 -64.748
365.915 -64.7665
365.936 -64.7849
365.958 -64.803
365.979 -64.8209
366 -64.8386
366.022 -64.8561
366.043 -64.8734
366.065 -64.8904
366.086 -64.9073
366.107 -64.924
366.129 -64.9404
366.15 -64.9566
366.172 -64.9727
366.193 -64.9885
366.215 -65.0041
366.236 -65.0195
366.257 -65.0347
366.279 -65.0497
366.3 -65.0645
366.335 -65.088
366.369 -65.111
366.404 -65.1334
366.438 -65.1553
366.473 -65.1768
366.508 -65.1977
366.542 -65.2181
366.577 -65.238
366.611 -65.2575
366.646 -65.2765
366.68 -65.295
366.715 -65.313
366.75 -65.3306
366.784 -65.3478
366.819 -65.3645
366.853 -65.3808
366.888 -65.3966
366.922 -65.4121
366.957 -65.4271
366.992 -65.4417
367.026 -65.456
367.061 -65.4699
367.095 -65.4834
367.13 -65.4965
367.164 -65.5093
367.199 -65.5217
367.234 -65.5338
367.268 -65.5456
367.303 -65.557
367.337 -65.5681
367.372 -65.579
367.395 -65.586
367.418 -65.5929
367.441 -65.5997
367.464 -65.6063
367.487 -65.6128
367.51 -65.6192
367.533 -65.6255
367.556 -65.6317
367.579 -65.6377
367.602 -65.6437
367.625 -65.6495
367.662 -65.6587
367.699 -65.6677
367.737 -65.6764
367.774 -65.6848
367.792 -65.6888
367.81 -65.6927
367.828 -65.6965
367.846 -65.7004
367.864 -65.7041
367.882 -65.7078
367.9 -65.7115
367.918 -65.7151
367.947 -65.7207
367.975 -65.7262
368.004 -65.7316
368.033 -65.7368
368.062 -65.742
368.09 -65.747
368.119 -65.7519
368.148 -65.7567
368.15 -65.7569
368.151 -65.7572
368.156 -65.7579
368.164 -65.7593
368.172 -65.7606
368.176 -65.7613
368.18 -65.7619
368.184 -65.7626
368.193 -65.7639
368.207 -65.7661
368.22 -65.7683
368.234 -65.7704
368.256 -65.7737
368.277 -65.7769
368.299 -65.7801
368.32 -65.7832
368.342 -65.7863
368.363 -65.7893
368.399 -65.7942
368.435 -65.799
368.471 -65.8036
368.506 -65.8082
368.542 -65.8126
368.564 -65.8152
368.586 -65.8178
368.607 -65.8203
368.629 -65.8228
368.651 -65.8253
368.673 -65.8277
368.706 -65.8313
368.739 -65.8348
368.772 -65.8382
368.805 -65.8416
368.838 -65.8448
368.871 -65.848
368.904 -65.8511
368.937 -65.8542
368.97 -65.8571
369.003 -65.86
369.036 -65.8628
369.07 -65.8656
369.103 -65.8683
369.136 -65.8709
369.169 -65.8735
369.202 -65.876
369.235 -65.8785
369.268 -65.8809
369.301 -65.8832
369.334 -65.8855
369.367 -65.8878
369.4 -65.8899
369.454 -65.8934
369.507 -65.8967
369.534 -65.8983
369.562 -65.8999
369.589 -65.9015
369.616 -65.903
369.643 -65.9045
369.67 -65.906
369.698 -65.9075
369.725 -65.9089
369.752 -65.9103
369.779 -65.9117
369.806 -65.913
369.834 -65.9143
369.861 -65.9156
369.888 -65.9169
369.915 -65.9182
369.942 -65.9194
369.969 -65.9206
369.997 -65.9217
370.024 -65.9229
370.051 -65.924
370.078 -65.9251
370.125 -65.927
370.172 -65.9287
370.219 -65.9305
370.243 -65.9313
370.267 -65.9322
370.292 -65.933
370.316 -65.9338
370.34 -65.9346
370.364 -65.9354
370.389 -65.9361
370.432 -65.9375
370.475 -65.9387
370.518 -65.94
370.561 -65.9411
370.586 -65.9418
370.611 -65.9424
370.624 -65.9428
370.637 -65.9431
370.659 -65.9436
370.692 -65.9444
370.725 -65.9452
370.776 -65.9463
370.827 -65.9473
370.862 -65.948
370.898 -65.9487
370.933 -65.9493
370.968 -65.95
371.004 -65.9505
371.039 -65.9511
371.074 -65.9516
371.109 -65.9521
371.145 -65.9526
371.207 -65.9533
371.269 -65.954
371.331 -65.9546
371.393 -65.9551
371.456 -65.9556
371.518 -65.9559
371.58 -65.9562
371.642 -65.9563
371.705 -65.9564
371.767 -65.9565
371.829 -65.9564
371.891 -65.9562
371.954 -65.956
372.016 -65.9557
372.078 -65.9553
372.14 -65.9549
372.202 -65.9543
372.265 -65.9537
372.327 -65.953
372.389 -65.9522
372.451 -65.9514
372.514 -65.9504
372.576 -65.9494
372.638 -65.9483
372.7 -65.9471
372.8 -65.9451
372.9 -65.9428
373 -65.9404
373.099 -65.9377
373.199 -65.9348
373.367 -65.9295
373.534 -65.9236
373.702 -65.9171
373.869 -65.9101
374.037 -65.9024
374.204 -65.8941
374.466 -65.88
374.729 -65.8643
374.991 -65.8472
375.253 -65.8286
375.651 -65.7975
376.049 -65.7629
376.448 -65.725
376.846 -65.6837
377.245 -65.6391
377.643 -65.5913
378.041 -65.5403
378.44 -65.4862
378.838 -65.4291
379.236 -65.3691
379.635 -65.3064
380.033 -65.241
380.431 -65.173
380.83 -65.1027
381.442 -64.9901
382.054 -64.8725
382.666 -64.7503
383.279 -64.6241
383.891 -64.4943
384.503 -64.3612
385.115 -64.2253
385.727 -64.087
386.34 -63.9466
386.952 -63.8046
387.564 -63.6612
388.176 -63.5167
388.788 -63.3713
389.401 -63.2254
390.013 -63.0792
390.625 -62.9329
391.237 -62.7866
391.849 -62.6406
392.461 -62.4949
393.074 -62.3497
393.686 -62.2051
394.298 -62.0612
394.91 -61.9181
395.522 -61.7759
396.135 -61.6346
396.747 -61.4942
397.359 -61.3548
397.971 -61.2165
398.583 -61.0792
399.196 -60.943
399.808 -60.8079
400.42 -60.6739
