0 -65
50 -65
50.0002 -65.0001
50.0018 -65.0007
50.0126 -65.0045
50.0298 -65.0074
50.0557 -65.0096
50.1053 -65.0157
50.1549 -65.0183
50.2044 -65.0229
50.254 -65.0264
50.3395 -65.0302
50.425 -65.0305
50.5104 -65.0284
50.5959 -65.0211
50.6814 -65.0086
50.7669 -64.9899
50.8057 -64.9798
50.8446 -64.9684
50.8834 -64.9556
50.9223 -64.9416
50.9612 -64.9262
51 -64.9094
51.0389 -64.8913
51.0777 -64.8719
51.1166 -64.8512
51.1555 -64.8291
51.1943 -64.8057
51.2332 -64.781
51.272 -64.7549
51.3327 -64.7117
51.3933 -64.6655
51.454 -64.6162
51.5146 -64.564
51.5753 -64.5089
51.6359 -64.4509
51.6966 -64.3901
51.7572 -64.3267
51.8179 -64.2606
51.8785 -64.1919
51.9392 -64.1207
51.9437 -64.1153
51.9482 -64.1099
51.9527 -64.1044
51.9636 -64.0913
51.9745 -64.078
51.9961 -64.0516
52.0177 -64.0249
52.0392 -63.9978
52.0716 -63.9566
52.1041 -63.9147
52.1365 -63.8721
52.1689 -63.8289
52.2013 -63.785
52.2337 -63.7405
52.2504 -63.7173
52.2671 -63.6939
52.2838 -63.6703
52.3158 -63.6248
52.3477 -63.5786
52.3797 -63.5318
52.3975 -63.5055
52.4152 -63.479
52.4434 -63.4365
52.4716 -63.3936
52.4998 -63.3501
52.528 -63.3062
52.5562 -63.2618
52.5844 -63.2168
52.6127 -63.1714
52.6409 -63.1254
52.669 -63.0788
52.6972 -63.0318
52.7255 -62.9841
52.7537 -62.9359
52.7818 -62.8871
52.81 -62.8377
52.8383 -62.7877
52.8665 -62.737
52.8946 -62.6856
52.9228 -62.6335
52.9511 -62.5806
52.9793 -62.5269
53.0074 -62.4724
53.0357 -62.4171
53.0639 -62.3608
53.1084 -62.2699
53.153 -62.1764
53.1975 -62.0801
53.2421 -61.9807
53.2866 -61.8779
53.3312 -61.7715
53.3757 -61.6611
53.3978 -61.605
53.4198 -61.5478
53.4418 -61.4893
53.4638 -61.4297
53.4858 -61.3688
53.5078 -61.3066
53.5299 -61.243
53.5519 -61.1778
53.5739 -61.1111
53.5959 -61.0427
53.6179 -60.9726
53.6399 -60.9005
53.662 -60.8264
53.684 -60.7502
53.706 -60.6717
53.728 -60.5907
53.7611 -60.4641
53.7941 -60.331
53.8272 -60.1908
53.8602 -60.0428
53.8933 -59.8866
53.9263 -59.7217
53.9866 -59.3986
54.0468 -59.0456
54.107 -58.6621
54.1673 -58.2543
54.2275 -57.8241
54.2877 -57.376
54.348 -56.9142
54.4082 -56.443
54.4684 -55.9664
54.4723 -55.9354
54.4761 -55.9047
54.4833 -55.8483
54.4967 -55.7411
54.5102 -55.634
54.5237 -55.5269
54.5372 -55.4199
54.5507 -55.3129
54.5832 -55.0562
54.6327 -54.667
54.6822 -54.2817
54.7317 -53.9019
54.7812 -53.5282
54.8307 -53.1616
54.8802 -52.8029
54.9297 -52.4528
54.9793 -52.1119
55.0288 -51.7805
55.0783 -51.4595
55.1278 -51.1487
55.1773 -50.8489
55.2531 -50.4116
55.3288 -50.0017
55.4046 -49.6188
55.4803 -49.2645
55.556 -48.9374
55.6318 -48.6399
55.7075 -48.3711
55.7833 -48.1291
55.859 -47.9165
55.9348 -47.7322
56.0106 -47.5748
56.0863 -47.4432
56.1621 -47.3383
56.2378 -47.2587
56.3135 -47.2039
56.3893 -47.1726
56.465 -47.1638
56.5408 -47.1765
56.6165 -47.2094
56.6923 -47.2612
56.768 -47.3296
56.8438 -47.4168
56.9195 -47.5181
56.9953 -47.6337
57.071 -47.7617
57.1468 -47.9012
57.2225 -48.051
57.2983 -48.2098
57.374 -48.3757
57.4498 -48.5465
57.5255 -48.7231
57.6013 -48.9036
57.677 -49.0875
57.7528 -49.2736
57.8285 -49.4604
57.9043 -49.6471
57.98 -49.8341
58.0558 -50.0204
58.1315 -50.2058
58.2073 -50.3895
58.283 -50.5701
58.3973 -50.8387
58.5116 -51.102
58.6259 -51.358
58.7402 -51.6064
58.8545 -51.8467
58.9688 -52.081
59.083 -52.307
59.1973 -52.5249
59.3116 -52.7348
59.4867 -53.0434
59.6618 -53.3348
59.837 -53.6095
60.0121 -53.8689
60.1872 -54.1146
60.3623 -54.3461
60.5374 -54.5641
60.7125 -54.7699
60.8876 -54.9645
61.0627 -55.1477
61.2379 -55.3204
61.413 -55.4829
61.5881 -55.6362
61.7632 -55.7804
61.9383 -55.9159
62.2186 -56.1157
62.4989 -56.2946
62.7792 -56.4555
63.0595 -56.5984
63.3397 -56.7243
63.62 -56.8337
63.9003 -56.9273
64.1806 -57.0056
64.4609 -57.0693
64.7412 -57.1186
65.0215 -57.154
65.3018 -57.1759
65.5821 -57.1846
65.8623 -57.1804
66.1426 -57.1636
66.4229 -57.1343
66.7032 -57.0928
66.9835 -57.0393
67.2638 -56.9739
67.5441 -56.8968
67.8244 -56.8081
68.1047 -56.7078
68.3849 -56.5961
68.6652 -56.473
68.9455 -56.3386
69.2258 -56.1928
69.5061 -56.0356
69.7864 -55.8669
70.0667 -55.6864
70.347 -55.4938
70.6272 -55.289
70.9075 -55.0713
71.1878 -54.8409
71.2579 -54.7811
71.328 -54.7206
71.4411 -54.621
71.5542 -54.5191
71.6674 -54.4149
71.7805 -54.3082
71.8402 -54.2509
71.9 -54.1929
71.9597 -54.1342
72.0194 -54.0747
72.0791 -54.0146
72.1388 -53.9536
72.1652 -53.9265
72.1915 -53.8992
72.2451 -53.8432
72.2986 -53.7866
72.3521 -53.7293
72.3551 -53.7261
72.3581 -53.7229
72.361 -53.7197
72.3694 -53.7106
72.3893 -53.6891
72.4407 -53.6329
72.4669 -53.604
72.493 -53.5749
72.5455 -53.5161
72.5979 -53.4566
72.6504 -53.3961
72.6696 -53.3738
72.6888 -53.3513
72.7232 -53.3108
72.7576 -53.27
72.792 -53.2287
72.8264 -53.187
72.8805 -53.1204
72.9347 -53.0528
72.9888 -52.9839
73.0429 -52.9138
73.097 -52.8422
73.1512 -52.7691
73.1784 -52.7315
73.2057 -52.6937
73.233 -52.6554
73.2782 -52.5907
73.3235 -52.5248
73.3688 -52.4573
73.4141 -52.3882
73.4594 -52.3175
73.5046 -52.2449
73.5499 -52.1704
73.5952 -52.0939
73.6405 -52.0153
73.6646 -51.9722
73.6887 -51.9286
73.6953 -51.9165
73.7018 -51.9044
73.7151 -51.8798
73.7284 -51.8549
73.7529 -51.8085
73.7626 -51.7898
73.7723 -51.7711
73.7793 -51.7574
73.7863 -51.7437
73.7933 -51.73
73.8128 -51.691
73.8324 -51.6514
73.8519 -51.6112
73.8877 -51.5357
73.9235 -51.4579
73.9593 -51.3773
73.9951 -51.2938
74.0309 -51.2073
74.0667 -51.1173
74.1024 -51.0237
74.1382 -50.926
74.174 -50.8238
74.2098 -50.7167
74.2456 -50.6041
74.2814 -50.4855
74.3171 -50.3603
74.3529 -50.2278
74.3887 -50.0874
74.4433 -49.8569
74.4979 -49.6054
74.5525 -49.3318
74.6072 -49.0361
74.6618 -48.7201
74.7164 -48.382
74.771 -48.024
74.8256 -47.6471
74.8802 -47.2538
74.9348 -46.839
74.9894 -46.409
75.044 -45.9576
75.0986 -45.482
75.1533 -44.9836
75.1582 -44.9325
75.1631 -44.8854
75.1713 -44.8069
75.1794 -44.7276
75.1875 -44.6475
75.2088 -44.4334
75.2301 -44.2127
75.2514 -43.984
75.2878 -43.5737
75.3481 -42.8077
75.4085 -41.8955
75.4688 -40.8302
75.5017 -39.9951
75.5346 -39.0834
75.5493 -38.5362
75.564 -37.9771
75.5786 -37.3143
75.5933 -36.5724
75.608 -35.6801
75.6227 -34.5969
75.6301 -33.8964
75.6375 -33.173
75.6449 -32.3425
75.6523 -31.3896
75.6597 -30.2587
75.6671 -28.9901
75.6709 -28.208
75.6747 -27.3948
75.6786 -26.504
75.6824 -25.5267
75.6862 -24.4753
75.69 -23.3253
75.6938 -22.0739
75.6977 -20.7152
75.7015 -19.2432
75.7053 -17.6534
75.7091 -15.9421
75.713 -14.1081
75.7168 -12.1526
75.7206 -10.08
75.7244 -7.89767
75.7282 -5.61644
75.7321 -3.25105
75.7359 -0.819861
75.7397 1.65561
75.7435 4.15073
75.7474 6.61281
75.7512 9.08749
75.755 11.4852
75.7588 13.7934
75.7626 15.9938
75.7685 19.1534
75.7744 21.931
75.7803 24.3305
75.7862 26.3699
75.792 28.0531
75.7979 29.3938
75.8038 30.4223
75.8097 31.175
75.8156 31.6813
75.8214 31.9774
75.8273 32.0824
75.837 31.9259
75.8467 31.3915
75.8563 30.5968
75.866 29.5491
75.8757 28.3063
75.8854 26.9578
75.895 25.5394
75.8985 25.0101
75.902 24.4783
75.9111 23.096
75.9203 21.6927
75.9295 20.3313
75.9386 18.9639
75.9478 17.6114
75.957 16.28
75.9661 14.9658
75.9802 12.9716
75.9943 11.0192
76.0084 9.09612
76.0224 7.22815
76.0276 6.54243
76.0328 5.87009
76.0412 4.79223
76.0496 3.73057
76.058 2.68566
76.0664 1.65717
76.0748 0.643881
76.0833 -0.355224
76.0917 -1.34108
76.1001 -2.31613
76.1135 -3.85009
76.1269 -5.36102
76.1403 -6.84958
76.1537 -8.32496
76.1671 -9.76965
76.1805 -11.1971
76.1939 -12.6018
76.2074 -13.9828
76.213 -14.5607
76.2187 -15.1346
76.2292 -16.1926
76.2398 -17.2414
76.2504 -18.2804
76.2609 -19.3149
76.2715 -20.346
76.282 -21.3775
76.2984 -22.9841
76.3147 -24.6108
76.3311 -26.2745
76.3475 -27.9869
76.3638 -29.7596
76.3802 -31.5982
76.386 -32.2629
76.3919 -32.939
76.401 -34.0137
76.4101 -35.1033
76.4192 -36.2045
76.4283 -37.3132
76.4375 -38.4274
76.4466 -39.54
76.4557 -40.6432
76.4648 -41.7306
76.4739 -42.7944
76.4831 -43.8275
76.4922 -44.8232
76.5013 -45.7758
76.5104 -46.6808
76.5195 -47.535
76.5287 -48.3367
76.5378 -49.0857
76.5469 -49.7825
76.556 -50.4288
76.5651 -51.027
76.5743 -51.5799
76.588 -52.3352
76.6018 -53.007
76.6155 -53.6054
76.6293 -54.1408
76.6431 -54.6228
76.665 -55.2982
76.6869 -55.8921
76.7089 -56.4103
76.7308 -56.8719
76.7528 -57.2888
76.7747 -57.6691
76.7967 -58.0179
76.8186 -58.3395
76.8406 -58.6369
76.8625 -58.9133
76.8845 -59.1708
76.9064 -59.4117
76.9283 -59.6377
76.9503 -59.8504
76.9722 -60.0512
76.9942 -60.2412
77.0161 -60.4213
77.0381 -60.5924
77.06 -60.7553
77.082 -60.9104
77.1039 -61.0585
77.1259 -61.2002
77.1478 -61.3358
77.1697 -61.4658
77.1917 -61.5907
77.2136 -61.7108
77.2235 -61.7634
77.2334 -61.8152
77.252 -61.9102
77.2706 -62.0024
77.2892 -62.0919
77.3078 -62.1789
77.3264 -62.2634
77.345 -62.3456
77.3735 -62.4673
77.4019 -62.5843
77.4304 -62.6968
77.4589 -62.8053
77.4874 -62.9099
77.5158 -63.011
77.5443 -63.1086
77.5728 -63.203
77.6012 -63.2944
77.6297 -63.383
77.6582 -63.4688
77.6866 -63.5521
77.7151 -63.6329
77.7436 -63.7113
77.7721 -63.7875
77.8005 -63.8615
77.829 -63.9334
77.8575 -64.0034
77.8859 -64.0714
77.9144 -64.1377
77.9429 -64.2021
77.9713 -64.2648
77.9998 -64.3259
78.0283 -64.3854
78.0568 -64.4433
78.0692 -64.4681
78.0816 -64.4926
78.094 -64.5169
78.1139 -64.5551
78.1338 -64.5927
78.1537 -64.6296
78.1735 -64.6659
78.2073 -64.7259
78.241 -64.7842
78.2748 -64.8408
78.3085 -64.8956
78.3423 -64.9489
78.376 -65.0006
78.3923 -65.025
78.4086 -65.049
78.4249 -65.0727
78.4411 -65.096
78.4574 -65.119
78.4827 -65.1541
78.508 -65.1884
78.5333 -65.2219
78.5586 -65.2547
78.5839 -65.2867
78.6092 -65.318
78.6345 -65.3486
78.6598 -65.3785
78.6851 -65.4076
78.7104 -65.4361
78.7357 -65.4639
78.761 -65.491
78.7863 -65.5175
78.7999 -65.5314
78.8134 -65.5451
78.8366 -65.5681
78.8597 -65.5906
78.8828 -65.6125
78.9059 -65.634
78.9291 -65.6549
78.9522 -65.6754
78.9753 -65.6954
78.9985 -65.7148
79.0216 -65.7338
79.0447 -65.7524
79.0678 -65.7704
79.091 -65.7881
79.1141 -65.8052
79.1372 -65.8219
79.1604 -65.8382
79.1835 -65.8541
79.2066 -65.8695
79.2297 -65.8845
79.2529 -65.8991
79.276 -65.9133
79.2991 -65.9271
79.3222 -65.9404
79.3454 -65.9534
79.3685 -65.966
79.3916 -65.9782
79.4148 -65.9901
79.4379 -66.0016
79.461 -66.0127
79.4841 -66.0234
79.5073 -66.0338
79.5304 -66.0438
79.5535 -66.0535
79.5766 -66.0628
79.5998 -66.0718
79.6229 -66.0805
79.646 -66.0888
79.6692 -66.0968
79.6923 -66.1045
79.7154 -66.1119
79.7385 -66.1189
79.7617 -66.1257
79.7766 -66.1299
79.7916 -66.1339
79.8065 -66.1379
79.8215 -66.1417
79.8446 -66.1473
79.8677 -66.1527
79.8908 -66.1578
79.914 -66.1625
79.9371 -66.167
79.9602 -66.1712
79.9833 -66.1752
80.0064 -66.1788
80.0295 -66.1822
80.0526 -66.1853
80.0758 -66.1882
80.0989 -66.1908
80.122 -66.1931
80.1451 -66.1952
80.1682 -66.1971
80.1913 -66.1987
80.2145 -66.2
80.2376 -66.2011
80.2607 -66.202
80.2838 -66.2026
80.3069 -66.203
80.33 -66.2032
80.3532 -66.2031
80.3763 -66.2028
80.3994 -66.2023
80.4225 -66.2016
80.4456 -66.2007
80.4687 -66.1995
80.5049 -66.1973
80.541 -66.1946
80.5772 -66.1914
80.6133 -66.1878
80.6494 -66.1837
80.6856 -66.1791
80.7217 -66.1741
80.7578 -66.1687
80.794 -66.1629
80.8301 -66.1567
80.8663 -66.1501
80.9024 -66.1432
80.9385 -66.1358
80.9747 -66.1282
81.0108 -66.1201
81.0469 -66.1118
81.0831 -66.1031
81.1081 -66.097
81.1331 -66.0907
81.1582 -66.0842
81.1832 -66.0776
81.2082 -66.0709
81.2333 -66.064
81.2583 -66.057
81.2833 -66.0499
81.3084 -66.0427
81.3334 -66.0354
81.3584 -66.0279
81.3967 -66.0163
81.435 -66.0044
81.4733 -65.9923
81.5 -65.9837
81.5266 -65.975
81.5533 -65.9663
81.58 -65.9574
81.6066 -65.9484
81.6333 -65.9393
81.66 -65.9301
81.6751 -65.9249
81.6902 -65.9196
81.7198 -65.9092
81.7493 -65.8987
81.7789 -65.8881
81.8084 -65.8775
81.8379 -65.8667
81.8675 -65.8558
81.897 -65.8448
81.9266 -65.8338
81.9561 -65.8226
81.9857 -65.8114
82.0152 -65.8001
82.0448 -65.7887
82.0743 -65.7773
82.1038 -65.7658
82.1334 -65.7542
82.1629 -65.7425
82.1925 -65.7308
82.222 -65.719
82.2516 -65.7071
82.2811 -65.6952
82.3107 -65.6832
82.3402 -65.6712
82.3697 -65.6591
82.3993 -65.6469
82.4288 -65.6347
82.4584 -65.6225
82.4879 -65.6102
82.5175 -65.5978
82.547 -65.5854
82.5766 -65.5729
82.6061 -65.5604
82.6356 -65.5479
82.6652 -65.5353
82.6947 -65.5226
82.7243 -65.5099
82.7538 -65.4972
82.7834 -65.4844
82.8129 -65.4716
82.8424 -65.4587
82.872 -65.4458
82.9015 -65.4328
82.9311 -65.4198
82.9606 -65.4068
82.9902 -65.3937
83.0197 -65.3806
83.0493 -65.3674
83.0788 -65.3542
83.1083 -65.341
83.1379 -65.3277
83.1674 -65.3144
83.2161 -65.2923
83.2648 -65.2702
83.3135 -65.2479
83.3622 -65.2256
83.4108 -65.2031
83.4595 -65.1805
83.5082 -65.1578
83.5569 -65.135
83.6056 -65.1121
83.6542 -65.0891
83.7029 -65.066
83.7516 -65.0428
83.7768 -65.0307
83.8021 -65.0186
83.8273 -65.0064
83.8525 -64.9942
83.8778 -64.982
83.903 -64.9698
83.9283 -64.9575
83.9668 -64.9387
84.0053 -64.9198
84.0438 -64.9009
84.0823 -64.8819
84.0854 -64.8803
84.0885 -64.8788
84.0916 -64.8773
84.099 -64.8736
84.1064 -64.8699
84.118 -64.8642
84.1354 -64.8555
84.1528 -64.8469
84.1702 -64.8382
84.2006 -64.823
84.2309 -64.8078
84.2613 -64.7925
84.2916 -64.7772
84.3219 -64.7618
84.3523 -64.7464
84.4017 -64.7211
84.4512 -64.6958
84.4806 -64.6806
84.5101 -64.6654
84.5395 -64.6501
84.569 -64.6348
84.5984 -64.6195
84.6278 -64.604
84.6573 -64.5886
84.7076 -64.562
84.758 -64.5353
84.8084 -64.5085
84.8343 -64.4946
84.8602 -64.4807
84.8861 -64.4667
84.912 -64.4527
84.9379 -64.4387
84.9638 -64.4246
84.9897 -64.4105
85.0292 -64.3889
85.0686 -64.3673
85.0915 -64.3547
85.1143 -64.3421
85.1371 -64.3294
85.1599 -64.3168
85.1827 -64.3041
85.2056 -64.2913
85.2454 -64.269
85.2853 -64.2466
85.3251 -64.224
85.365 -64.2014
85.4048 -64.1787
85.4706 -64.141
85.5363 -64.103
85.6021 -64.0647
85.6678 -64.0261
85.7335 -63.9872
85.7993 -63.9481
85.865 -63.9086
85.9308 -63.8689
85.9965 -63.8288
86.0622 -63.7884
86.128 -63.7478
86.1937 -63.7068
86.2595 -63.6655
86.3252 -63.624
86.391 -63.5821
86.4567 -63.5398
86.5224 -63.4973
86.5882 -63.4545
86.6539 -63.4113
86.7197 -63.3678
86.7854 -63.324
86.8512 -63.2798
86.9169 -63.2354
86.9826 -63.1906
87.0484 -63.1454
87.1141 -63.1
87.2369 -63.0142
87.3596 -62.9272
87.4824 -62.839
87.6051 -62.7496
87.7279 -62.659
87.8506 -62.5672
88.0365 -62.4258
88.2224 -62.2816
88.4083 -62.1344
88.5941 -61.9843
88.78 -61.8313
88.9659 -61.6753
89.1518 -61.5163
89.3377 -61.3542
89.5235 -61.1891
89.7094 -61.0208
89.8953 -60.8494
90.0812 -60.6748
90.2671 -60.4969
90.453 -60.3158
90.6388 -60.1313
90.8247 -59.9434
91.0106 -59.752
91.1965 -59.5572
91.3824 -59.3587
91.5683 -59.1567
91.7541 -58.951
91.94 -58.7416
92.1259 -58.5284
92.3118 -58.3115
92.4977 -58.0908
92.6835 -57.8663
92.8694 -57.6379
93.0553 -57.4054
93.2412 -57.1688
93.4271 -56.928
93.613 -56.6827
93.7988 -56.4325
93.9847 -56.1773
94.1706 -55.9166
94.3565 -55.6498
94.5424 -55.3766
94.7282 -55.0959
94.9141 -54.8072
94.9606 -54.7334
94.984 -54.6961
95.0074 -54.6586
95.0484 -54.5927
95.0894 -54.5262
95.1303 -54.4593
95.1927 -54.3563
95.2083 -54.3303
95.2239 -54.3043
95.261 -54.2421
95.3484 -54.0935
95.4358 -53.9418
95.5232 -53.7869
95.6106 -53.6283
95.6617 -53.5339
95.7128 -53.438
95.7638 -53.3405
95.8149 -53.2412
95.8659 -53.1401
95.917 -53.037
95.968 -52.9316
96.0191 -52.8238
96.0702 -52.7132
96.1212 -52.5996
96.1723 -52.4827
96.2233 -52.3621
96.2744 -52.2374
96.3254 -52.1081
96.3765 -51.9737
96.4276 -51.8336
96.4786 -51.6871
96.5108 -51.5908
96.5431 -51.4916
96.5753 -51.389
96.6075 -51.2829
96.6398 -51.173
96.6904 -50.9921
96.7411 -50.8004
96.7917 -50.597
96.8424 -50.3807
96.8931 -50.1524
96.9437 -49.9107
96.9944 -49.6563
97.045 -49.389
97.1214 -48.9638
97.1978 -48.5147
97.2393 -48.2605
97.2809 -47.9991
97.3224 -47.7346
97.3895 -47.2911
97.4567 -46.8351
97.5238 -46.3596
97.5663 -46.0506
97.6088 -45.7335
97.6513 -45.4061
97.7187 -44.8616
97.7356 -44.7206
97.7524 -44.5761
97.7942 -44.204
97.836 -43.8091
97.8778 -43.3868
97.9409 -42.6668
98.0039 -41.8264
98.0669 -40.7663
98.1299 -39.3386
98.1457 -38.7795
98.1614 -38.2124
98.1772 -37.5775
98.1929 -36.8422
98.2087 -35.9573
98.2244 -34.8755
98.2402 -33.4808
98.256 -31.7157
98.2659 -30.2244
98.2759 -28.4341
98.2801 -27.555
98.2843 -26.5904
98.2885 -25.5296
98.2927 -24.3639
98.2969 -23.0838
98.3033 -20.9062
98.3097 -18.4146
98.316 -15.5869
98.3224 -12.4208
98.3288 -8.92876
98.3351 -5.15077
98.3415 -1.15028
98.3479 2.9784
98.3543 7.11871
98.3606 11.1442
98.367 14.9386
98.3734 18.4101
98.3798 21.4932
98.3861 24.1514
98.3925 26.3688
98.3989 28.159
98.4053 29.5517
98.4116 30.5929
98.418 31.322
98.4244 31.7767
98.4308 31.9964
98.4371 32.0099
98.4471 31.7049
98.457 31.0482
98.4669 30.0914
98.4768 28.9267
98.4868 27.6062
98.4967 26.1955
98.5066 24.7231
98.5165 23.1974
98.5265 21.7073
98.5364 20.21
98.5463 18.7356
98.5562 17.3002
98.5662 15.8588
98.5761 14.442
98.586 13.0517
98.601 10.9631
98.616 8.92119
98.631 6.91748
98.646 4.99257
98.6611 3.0879
98.6761 1.24404
98.6911 -0.53776
98.7061 -2.29226
98.7211 -4.0151
98.7361 -5.70432
98.7511 -7.36457
98.7661 -9.00417
98.7811 -10.6169
98.7961 -12.2043
98.8111 -13.7618
98.8261 -15.2907
98.8411 -16.7988
98.8562 -18.2876
98.8712 -19.7657
98.8862 -21.2385
98.9012 -22.7193
98.9162 -24.2175
98.9312 -25.7429
98.9462 -27.3085
98.9612 -28.9223
98.9762 -30.5897
98.9912 -32.3126
99.0062 -34.0862
99.0212 -35.9052
99.0362 -37.7513
99.0513 -39.6063
99.0663 -41.4392
99.0813 -43.209
99.0963 -44.8935
99.1113 -46.4641
99.1263 -47.902
99.1413 -49.1939
99.1563 -50.3439
99.1713 -51.3572
99.1863 -52.2482
99.2013 -53.0298
99.2163 -53.718
99.2313 -54.3259
99.2464 -54.8697
99.2614 -55.3574
99.2764 -55.7985
99.2914 -56.2006
99.3064 -56.5702
99.3305 -57.1073
99.3547 -57.5888
99.3788 -58.0204
99.403 -58.4158
99.4271 -58.7779
99.4512 -59.1108
99.4754 -59.4182
99.4995 -59.7026
99.5237 -59.968
99.5478 -60.2159
99.5719 -60.4485
99.5961 -60.6674
99.6202 -60.874
99.6444 -61.0692
99.6685 -61.2541
99.6927 -61.4298
99.7168 -61.5966
99.7409 -61.7556
99.7651 -61.9072
99.7892 -62.0518
99.8134 -62.1905
99.8375 -62.3231
99.8616 -62.4504
99.8858 -62.5727
99.9099 -62.6902
99.9341 -62.8034
99.9582 -62.9124
99.9824 -63.0176
100.007 -63.1192
100.031 -63.2173
100.055 -63.3121
100.079 -63.404
100.103 -63.4928
100.127 -63.579
100.151 -63.6625
100.175 -63.7434
100.2 -63.822
100.224 -63.8983
100.248 -63.9724
100.272 -64.0443
100.296 -64.1143
100.32 -64.1822
100.344 -64.2483
100.369 -64.3126
100.393 -64.3751
100.417 -64.436
100.441 -64.4952
100.465 -64.5528
100.489 -64.6089
100.513 -64.6635
100.538 -64.7168
100.562 -64.7686
100.586 -64.8191
100.61 -64.8683
100.634 -64.9162
100.658 -64.9629
100.683 -65.0084
100.707 -65.0527
100.731 -65.096
100.755 -65.1381
100.779 -65.1792
100.803 -65.2192
100.827 -65.2582
100.852 -65.2962
100.876 -65.3333
100.9 -65.3695
100.924 -65.4047
100.962 -65.459
101.001 -65.5111
101.039 -65.5611
101.062 -65.5897
101.085 -65.6176
101.108 -65.6449
101.13 -65.6715
101.153 -65.6974
101.176 -65.7226
101.198 -65.7473
101.221 -65.7713
101.244 -65.7947
101.267 -65.8176
101.29 -65.8398
101.324 -65.8721
101.358 -65.9031
101.392 -65.933
101.426 -65.9615
101.46 -65.9889
101.481 -66.0048
101.501 -66.0203
101.522 -66.0353
101.542 -66.05
101.563 -66.0643
101.583 -66.0781
101.596 -66.0867
101.609 -66.0951
101.622 -66.1034
101.634 -66.1112
101.647 -66.1189
101.672 -66.1337
101.696 -66.148
101.721 -66.1618
101.745 -66.1751
101.77 -66.1879
101.795 -66.2002
101.819 -66.212
101.844 -66.2234
101.869 -66.2343
101.893 -66.2447
101.918 -66.2547
101.943 -66.2643
101.967 -66.2734
101.992 -66.2821
102.017 -66.2904
102.041 -66.2983
102.066 -66.3058
102.09 -66.3129
102.115 -66.3197
102.14 -66.326
102.164 -66.3319
102.189 -66.3375
102.214 -66.3428
102.238 -66.3476
102.263 -66.3521
102.288 -66.3563
102.312 -66.3602
102.337 -66.3637
102.362 -66.3668
102.377 -66.3686
102.392 -66.3702
102.407 -66.3718
102.422 -66.3732
102.437 -66.3745
102.452 -66.3757
102.475 -66.3773
102.497 -66.3786
102.52 -66.3796
102.542 -66.3804
102.565 -66.381
102.588 -66.3813
102.61 -66.3814
102.633 -66.3812
102.656 -66.3808
102.678 -66.3802
102.701 -66.3793
102.724 -66.3782
102.746 -66.3769
102.769 -66.3754
102.792 -66.3737
102.814 -66.3717
102.837 -66.3696
102.859 -66.3672
102.882 -66.3646
102.905 -66.3618
102.927 -66.3588
102.95 -66.3557
102.973 -66.3523
102.995 -66.3487
103.018 -66.345
103.041 -66.3411
103.063 -66.3369
103.086 -66.3326
103.109 -66.3282
103.131 -66.3235
103.154 -66.3187
103.177 -66.3137
103.199 -66.3086
103.222 -66.3032
103.257 -66.2946
103.293 -66.2855
103.329 -66.276
103.364 -66.2662
103.4 -66.256
103.436 -66.2455
103.471 -66.2347
103.507 -66.2235
103.543 -66.212
103.578 -66.2003
103.614 -66.1882
103.65 -66.1758
103.685 -66.1632
103.721 -66.1504
103.757 -66.1372
103.792 -66.1239
103.817 -66.1145
103.841 -66.1051
103.866 -66.0956
103.89 -66.086
103.915 -66.0762
103.939 -66.0664
103.964 -66.0565
103.988 -66.0465
104.013 -66.0364
104.037 -66.0262
104.062 -66.0159
104.086 -66.0056
104.111 -65.9952
104.135 -65.9847
104.16 -65.9741
104.175 -65.9675
104.19 -65.9609
104.206 -65.9542
104.23 -65.9433
104.255 -65.9324
104.28 -65.9214
104.304 -65.9103
104.329 -65.8992
104.354 -65.888
104.379 -65.8768
104.403 -65.8655
104.428 -65.8542
104.453 -65.8428
104.478 -65.8313
104.502 -65.8198
104.527 -65.8083
104.552 -65.7967
104.577 -65.7851
104.601 -65.7734
104.626 -65.7617
104.651 -65.7499
104.675 -65.7381
104.7 -65.7263
104.725 -65.7144
104.75 -65.7025
104.774 -65.6905
104.799 -65.6785
104.824 -65.6665
104.849 -65.6545
104.873 -65.6424
104.898 -65.6303
104.923 -65.6181
104.947 -65.606
104.972 -65.5938
104.997 -65.5815
105.022 -65.5693
105.046 -65.557
105.071 -65.5447
105.096 -65.5323
105.121 -65.52
105.145 -65.5076
105.17 -65.4952
105.195 -65.4827
105.233 -65.4636
105.271 -65.4444
105.293 -65.4331
105.315 -65.4217
105.338 -65.4103
105.36 -65.3989
105.383 -65.3875
105.419 -65.3691
105.454 -65.3507
105.49 -65.3322
105.492 -65.3313
105.494 -65.3303
105.498 -65.3282
105.506 -65.3244
105.513 -65.3205
105.527 -65.3133
105.537 -65.308
105.548 -65.3028
105.558 -65.2975
105.568 -65.2922
105.578 -65.2869
105.594 -65.2786
105.611 -65.2702
105.627 -65.2618
105.643 -65.2534
105.659 -65.245
105.675 -65.2366
105.692 -65.2281
105.708 -65.2197
105.724 -65.2113
105.74 -65.2028
105.756 -65.1943
105.773 -65.1859
105.789 -65.1774
105.815 -65.1638
105.84 -65.1503
105.866 -65.1367
105.892 -65.123
105.918 -65.1094
105.944 -65.0957
105.97 -65.082
106.01 -65.0606
106.05 -65.0392
106.091 -65.0176
106.131 -64.996
106.171 -64.9744
106.212 -64.9527
106.252 -64.9309
106.28 -64.9158
106.308 -64.9006
106.336 -64.8855
106.364 -64.8703
106.392 -64.855
106.419 -64.8398
106.447 -64.8245
106.49 -64.8012
106.532 -64.7779
106.575 -64.7545
106.597 -64.7419
106.62 -64.7293
106.642 -64.7167
106.665 -64.7041
106.688 -64.6915
106.711 -64.6788
106.747 -64.6581
106.784 -64.6374
106.821 -64.6166
106.858 -64.5958
106.895 -64.5749
106.932 -64.5539
106.969 -64.5329
107.005 -64.5118
107.042 -64.4907
107.079 -64.4694
107.116 -64.4481
107.153 -64.4268
107.19 -64.4053
107.227 -64.3838
107.283 -64.3512
107.317 -64.3308
107.352 -64.3104
107.386 -64.2899
107.421 -64.2694
107.456 -64.2488
107.49 -64.2282
107.525 -64.2074
107.559 -64.1866
107.594 -64.1658
107.629 -64.1449
107.663 -64.1239
107.698 -64.1028
107.732 -64.0817
107.767 -64.0605
107.819 -64.0283
107.871 -63.996
107.924 -63.9635
107.976 -63.9308
108.005 -63.9127
108.034 -63.8946
108.087 -63.8608
108.141 -63.8268
108.194 -63.7926
108.248 -63.7582
108.302 -63.7237
108.355 -63.6889
108.439 -63.6345
108.522 -63.5797
108.605 -63.5244
108.689 -63.4686
108.772 -63.4124
108.855 -63.3557
108.939 -63.2985
109.022 -63.2408
109.105 -63.1826
109.189 -63.1239
109.272 -63.0648
109.355 -63.0051
109.439 -62.945
109.522 -62.8843
109.605 -62.8231
109.689 -62.7614
109.772 -62.6991
109.855 -62.6364
109.939 -62.5731
110.082 -62.4632
110.225 -62.3517
110.368 -62.2387
110.511 -62.124
110.654 -62.0077
110.879 -61.8213
111.104 -61.6308
111.329 -61.4362
111.555 -61.2374
111.78 -61.0344
112.005 -60.827
112.23 -60.6154
112.456 -60.3994
112.681 -60.1789
112.906 -59.954
113.131 -59.7246
113.356 -59.4906
113.582 -59.2521
113.807 -59.0092
114.032 -58.7617
114.257 -58.5099
114.483 -58.2539
114.708 -57.9938
114.933 -57.7298
115.158 -57.462
115.383 -57.1906
115.609 -56.916
115.834 -56.6383
116.059 -56.3579
116.284 -56.075
116.51 -55.7904
116.735 -55.5045
116.96 -55.2177
117.185 -54.9316
117.41 -54.6472
117.636 -54.3656
117.861 -54.0882
118.086 -53.8186
118.311 -53.5576
118.537 -53.3075
118.762 -53.072
118.987 -52.8537
119.212 -52.6545
119.438 -52.4755
119.663 -52.3201
119.888 -52.1885
120.113 -52.0799
120.338 -51.9939
120.564 -51.9289
120.789 -51.8828
121.014 -51.852
121.239 -51.8355
121.465 -51.8288
121.69 -51.83
121.915 -51.8363
122.14 -51.8455
122.365 -51.8555
122.591 -51.8645
122.936 -51.8728
123.282 -51.8712
123.627 -51.8567
123.973 -51.8269
124.318 -51.7797
124.664 -51.7139
125.009 -51.6287
125.355 -51.5238
125.7 -51.3989
126.046 -51.2541
126.391 -51.0898
126.737 -50.9063
127.082 -50.7041
127.428 -50.4804
127.773 -50.2376
128.119 -49.9791
128.464 -49.7
128.81 -49.3974
129.155 -49.073
129.501 -48.7286
129.846 -48.3569
130.192 -47.9504
130.537 -47.507
130.883 -47.0262
131.228 -46.4032
131.574 -45.6984
131.79 -45.0574
131.844 -44.8396
131.897 -44.6349
131.952 -44.3881
132.005 -44.1043
132.019 -44.0246
132.032 -43.9404
132.046 -43.8508
132.059 -43.754
132.073 -43.6477
132.086 -43.5307
132.1 -43.3969
132.113 -43.238
132.121 -43.1389
132.128 -43.0284
132.135 -42.9028
132.143 -42.7599
132.15 -42.5972
132.157 -42.4125
132.165 -42.2047
132.172 -41.9732
132.18 -41.718
132.184 -41.5541
132.188 -41.381
132.197 -41.0354
132.205 -40.6563
132.213 -40.2402
132.221 -39.7826
132.229 -39.2798
132.238 -38.7261
132.246 -38.1154
132.254 -37.4407
132.267 -36.2225
132.28 -34.79
132.293 -33.0708
132.306 -30.9861
132.319 -28.4197
132.332 -25.2205
132.344 -21.1448
132.357 -16.0928
132.366 -12.2625
132.374 -7.9858
132.382 -3.27958
132.39 1.61268
132.398 6.69734
132.406 11.6027
132.415 16.1182
132.423 20.0948
132.431 23.465
132.439 26.1859
132.447 28.2566
132.456 29.7398
132.464 30.7264
132.472 31.2784
132.48 31.4471
132.488 31.3088
132.496 30.9026
132.505 30.292
132.513 29.4917
132.521 28.5528
132.529 27.5089
132.537 26.3752
132.545 25.2016
132.55 24.4611
132.555 23.7125
132.566 22.1677
132.576 20.6101
132.587 19.0828
132.597 17.566
132.608 16.0581
132.618 14.5668
132.628 13.1006
132.639 11.6457
132.649 10.2135
132.66 8.79857
132.67 7.40734
132.681 6.04031
132.691 4.69891
132.702 3.38115
132.712 2.09005
132.722 0.820964
132.733 -0.425818
132.743 -1.65362
132.754 -2.86563
132.764 -4.06332
132.774 -5.24777
132.785 -6.42
132.795 -7.58074
132.806 -8.73186
132.816 -9.86862
132.827 -10.9934
132.837 -12.1047
132.843 -12.7736
132.85 -13.4374
132.86 -14.4982
132.87 -15.5474
132.88 -16.5855
132.891 -17.6149
132.901 -18.6392
132.911 -19.6599
132.921 -20.6807
132.932 -21.7046
132.942 -22.7351
132.952 -23.776
132.962 -24.831
132.973 -25.9039
132.983 -26.9983
132.993 -28.1177
133.003 -29.2642
133.014 -30.4392
133.024 -31.6424
133.034 -32.8722
133.044 -34.1256
133.055 -35.3988
133.065 -36.6847
133.075 -37.9796
133.085 -39.2728
133.096 -40.5533
133.106 -41.8095
133.116 -43.032
133.126 -44.2101
133.136 -45.335
133.147 -46.3994
133.157 -47.3992
133.167 -48.3317
133.177 -49.1963
133.188 -49.9943
133.198 -50.7285
133.208 -51.4025
133.218 -52.0201
133.228 -52.5866
133.245 -53.4056
133.262 -54.1214
133.278 -54.7534
133.295 -55.3127
133.311 -55.8134
133.328 -56.2655
133.344 -56.6773
133.361 -57.0552
133.377 -57.4043
133.394 -57.7285
133.411 -58.0307
133.427 -58.3134
133.444 -58.5785
133.46 -58.8276
133.477 -59.0621
133.493 -59.2833
133.51 -59.4921
133.526 -59.6898
133.543 -59.8771
133.56 -60.0548
133.576 -60.2238
133.603 -60.4835
133.63 -60.7242
133.658 -60.9472
133.685 -61.1544
133.712 -61.3475
133.739 -61.5279
133.766 -61.6965
133.793 -61.8545
133.821 -62.003
133.848 -62.1426
133.875 -62.274
133.902 -62.3978
133.929 -62.5148
133.956 -62.6254
133.984 -62.73
134.011 -62.829
134.038 -62.9229
134.05 -62.963
134.062 -63.0022
134.087 -63.0805
134.112 -63.1551
134.137 -63.2263
134.152 -63.2678
134.167 -63.3081
134.182 -63.3473
134.197 -63.3854
134.212 -63.4225
134.236 -63.478
134.259 -63.5311
134.282 -63.582
134.306 -63.6307
134.329 -63.6773
134.353 -63.722
134.376 -63.7648
134.399 -63.8057
134.423 -63.8449
134.446 -63.8823
134.47 -63.9182
134.493 -63.9524
134.517 -63.9851
134.54 -64.0163
134.563 -64.0461
134.587 -64.0745
134.61 -64.1016
134.633 -64.1273
134.657 -64.1518
134.68 -64.1751
134.704 -64.1973
134.727 -64.2182
134.75 -64.2381
134.787 -64.2672
134.824 -64.2937
134.861 -64.3179
134.898 -64.3397
134.935 -64.3593
134.957 -64.3704
134.98 -64.3807
135.003 -64.3903
135.026 -64.399
135.049 -64.4071
135.072 -64.4144
135.095 -64.421
135.118 -64.427
135.141 -64.4322
135.164 -64.4368
135.187 -64.4408
135.21 -64.4441
135.224 -64.446
135.239 -64.4475
135.253 -64.4488
135.275 -64.4504
135.298 -64.4515
135.32 -64.452
135.342 -64.452
135.364 -64.4516
135.387 -64.4506
135.409 -64.4492
135.431 -64.4473
135.453 -64.4449
135.475 -64.4421
135.498 -64.4389
135.52 -64.4353
135.542 -64.4312
135.564 -64.4268
135.587 -64.4219
135.609 -64.4167
135.631 -64.4111
135.653 -64.4052
135.675 -64.3988
135.698 -64.3922
135.72 -64.3852
135.742 -64.3778
135.764 -64.3702
135.786 -64.3622
135.809 -64.354
135.831 -64.3454
135.853 -64.3365
135.875 -64.3274
135.898 -64.3179
135.92 -64.3082
135.942 -64.2983
135.964 -64.2881
135.987 -64.2776
136.009 -64.2669
136.031 -64.2559
136.053 -64.2447
136.075 -64.2333
136.098 -64.2216
136.12 -64.2098
136.142 -64.1977
136.164 -64.1854
136.186 -64.1729
136.209 -64.1603
136.231 -64.1474
136.253 -64.1343
136.275 -64.1211
136.298 -64.1076
136.32 -64.094
136.342 -64.0802
136.364 -64.0663
136.386 -64.0522
136.409 -64.0379
136.431 -64.0235
136.453 -64.0089
136.475 -63.9941
136.498 -63.9792
136.52 -63.9642
136.542 -63.949
136.564 -63.9337
136.586 -63.9183
136.609 -63.9027
136.631 -63.887
136.653 -63.8711
136.675 -63.8552
136.697 -63.8391
136.72 -63.8229
136.742 -63.8066
136.764 -63.7902
136.786 -63.7736
136.808 -63.757
136.831 -63.7402
136.853 -63.7234
136.887 -63.6976
136.921 -63.6716
136.954 -63.6453
136.988 -63.6189
137.022 -63.5923
137.055 -63.5655
137.089 -63.5385
137.123 -63.5113
137.157 -63.484
137.191 -63.4565
137.224 -63.4289
137.258 -63.4011
137.292 -63.3732
137.326 -63.3451
137.359 -63.317
137.393 -63.2887
137.427 -63.2603
137.461 -63.2319
137.494 -63.2033
137.528 -63.1746
137.549 -63.157
137.57 -63.1393
137.59 -63.1216
137.611 -63.1039
137.632 -63.0861
137.653 -63.0684
137.673 -63.0506
137.694 -63.0327
137.715 -63.0149
137.736 -62.997
137.769 -62.9683
137.802 -62.9395
137.835 -62.9106
137.869 -62.8818
137.902 -62.8529
137.922 -62.8357
137.942 -62.8186
137.961 -62.8014
137.981 -62.7842
138.001 -62.7671
138.02 -62.7499
138.04 -62.7327
138.06 -62.7155
138.08 -62.6983
138.111 -62.6707
138.143 -62.6431
138.175 -62.6155
138.197 -62.5962
138.219 -62.5769
138.241 -62.5577
138.263 -62.5384
138.285 -62.5191
138.307 -62.4999
138.329 -62.4806
138.351 -62.4613
138.373 -62.4421
138.395 -62.4228
138.417 -62.4035
138.439 -62.3842
138.461 -62.365
138.483 -62.3457
138.505 -62.3264
138.528 -62.3072
138.55 -62.2879
138.572 -62.2686
138.594 -62.2494
138.616 -62.2301
138.638 -62.2109
138.66 -62.1916
138.682 -62.1724
138.692 -62.1632
138.703 -62.154
138.723 -62.1369
138.742 -62.1197
138.762 -62.1026
138.782 -62.0855
138.801 -62.0683
138.821 -62.0512
138.841 -62.0341
138.86 -62.0169
138.88 -61.9998
138.912 -61.972
138.944 -61.9441
138.976 -61.9162
139.008 -61.8884
139.022 -61.8764
139.035 -61.8643
139.058 -61.8449
139.08 -61.8255
139.102 -61.8062
139.136 -61.7764
139.171 -61.7466
139.205 -61.7169
139.239 -61.6871
139.273 -61.6574
139.307 -61.6277
139.341 -61.5979
139.376 -61.5682
139.41 -61.5384
139.444 -61.5087
139.478 -61.4789
139.512 -61.4491
139.547 -61.4194
139.581 -61.3896
139.615 -61.3598
139.649 -61.33
139.683 -61.3002
139.718 -61.2704
139.752 -61.2405
139.786 -61.2107
139.82 -61.1808
139.854 -61.151
139.906 -61.1058
139.958 -61.0606
139.994 -61.0291
140.03 -60.9975
140.066 -60.966
140.102 -60.9344
140.138 -60.9027
140.173 -60.8711
140.209 -60.8394
140.245 -60.8077
140.281 -60.7759
140.317 -60.7441
140.353 -60.7123
140.389 -60.6804
140.425 -60.6485
140.461 -60.6166
140.497 -60.5846
140.533 -60.5526
140.569 -60.5205
140.605 -60.4884
140.641 -60.4562
140.677 -60.424
140.699 -60.4044
140.721 -60.3848
140.743 -60.3651
140.765 -60.3455
140.787 -60.3258
140.809 -60.3061
140.831 -60.2864
140.871 -60.2496
140.912 -60.2127
140.953 -60.1758
140.994 -60.1387
141.034 -60.1016
141.075 -60.0645
141.103 -60.0388
141.132 -60.0131
141.16 -59.9873
141.188 -59.9615
141.216 -59.9357
141.244 -59.9098
141.272 -59.8839
141.3 -59.858
141.329 -59.832
141.357 -59.806
141.385 -59.7799
141.413 -59.7538
141.441 -59.7276
141.492 -59.6806
141.569 -59.6082
141.647 -59.5355
141.724 -59.4625
141.759 -59.4297
141.793 -59.3969
141.828 -59.364
141.882 -59.3121
141.937 -59.2601
142.019 -59.1813
142.101 -59.1021
142.183 -59.0225
142.266 -58.9425
142.348 -58.8621
142.43 -58.7814
142.512 -58.7002
142.594 -58.6186
142.677 -58.5367
142.759 -58.4543
142.841 -58.3716
142.923 -58.2885
143.005 -58.205
143.088 -58.1211
143.17 -58.0369
143.252 -57.9523
143.334 -57.8673
143.416 -57.782
143.498 -57.6963
143.581 -57.6103
143.663 -57.524
143.8 -57.3794
143.937 -57.2339
144.074 -57.0877
144.281 -56.8645
144.489 -56.6398
144.697 -56.4138
144.905 -56.1868
145.112 -55.959
145.32 -55.7308
145.528 -55.5023
145.736 -55.2739
145.943 -55.0467
146.151 -54.8205
146.359 -54.5962
146.567 -54.3741
146.774 -54.1556
146.982 -53.9414
147.19 -53.7321
147.398 -53.5288
147.605 -53.3321
147.813 -53.1443
148.021 -52.9652
148.228 -52.796
148.436 -52.6375
148.644 -52.4896
148.852 -52.3547
149.06 -52.2312
149.267 -52.1197
149.475 -52.02
149.683 -51.9318
149.89 -51.8542
150.098 -51.7857
150.306 -51.7265
150.514 -51.6749
150.721 -51.6297
151.043 -51.5693
151.365 -51.5174
151.687 -51.4696
152.008 -51.4225
152.33 -51.3728
152.652 -51.3179
152.974 -51.2557
153.296 -51.1845
153.617 -51.1029
154.108 -50.9559
154.598 -50.7817
155.089 -50.5737
155.579 -50.3352
156.07 -50.0692
156.56 -49.7719
157.051 -49.4449
157.541 -49.0652
158.032 -48.6721
158.522 -48.2203
159.013 -47.7111
159.503 -47.1184
159.994 -46.3573
160.484 -45.3346
160.607 -44.8605
160.73 -44.3623
160.76 -44.1789
160.791 -44.0177
160.811 -43.8902
160.83 -43.7598
160.85 -43.6106
160.869 -43.4413
160.889 -43.2284
160.897 -43.117
160.906 -42.9919
160.915 -42.8468
160.923 -42.678
160.932 -42.4812
160.941 -42.2532
160.949 -41.9922
160.958 -41.6991
160.967 -41.3701
160.975 -41.0077
160.984 -40.608
160.993 -40.167
161.001 -39.679
161.01 -39.1393
161.019 -38.5411
161.027 -37.8771
161.036 -37.1381
161.045 -36.314
161.053 -35.3907
161.062 -34.352
161.071 -33.1778
161.079 -31.8421
161.088 -30.3133
161.097 -28.5518
161.105 -26.51
161.114 -24.1222
161.123 -21.35
161.131 -18.098
161.14 -14.3275
161.149 -10.012
161.157 -5.26322
161.166 -0.0453699
161.17 2.57617
161.175 5.27483
161.179 7.95324
161.183 10.5769
161.188 13.1091
161.195 17.023
161.202 20.4934
161.21 23.4755
161.217 25.9397
161.224 27.8775
161.231 29.3343
161.239 30.3627
161.246 31.0214
161.253 31.3511
161.264 31.3619
161.275 30.875
161.286 29.9851
161.297 28.8201
161.308 27.4432
161.319 25.8892
161.33 24.2908
161.341 22.6732
161.352 20.993
161.364 19.3582
161.375 17.7677
161.386 16.1659
161.397 14.5817
161.408 13.0436
161.419 11.5031
161.43 9.98197
161.441 8.48639
161.452 7.01649
161.463 5.57408
161.474 4.15939
161.485 2.77428
161.496 1.41733
161.507 0.0852342
161.518 -1.2232
161.529 -2.513
161.54 -3.78794
161.551 -5.04483
161.562 -6.28991
161.573 -7.52282
161.585 -8.74286
161.596 -9.94878
161.607 -11.1409
161.618 -12.3177
161.629 -13.4795
161.64 -14.6257
161.651 -15.7576
161.662 -16.8783
161.673 -17.9896
161.684 -19.0948
161.695 -20.1977
161.706 -21.3031
161.717 -22.4146
161.728 -23.5369
161.739 -24.6749
161.75 -25.8333
161.761 -27.0166
161.772 -28.2292
161.783 -29.4732
161.795 -30.7509
161.806 -32.0626
161.817 -33.4032
161.828 -34.7711
161.839 -36.1589
161.85 -37.5595
161.861 -38.9616
161.872 -40.3519
161.883 -41.7187
161.894 -43.0452
161.905 -44.3225
161.916 -45.536
161.927 -46.6773
161.938 -47.7431
161.949 -48.7283
161.96 -49.634
161.971 -50.4631
161.982 -51.2194
161.993 -51.9079
162.012 -52.9214
162.03 -53.7876
162.049 -54.5416
162.067 -55.194
162.085 -55.7676
162.104 -56.2801
162.122 -56.7424
162.141 -57.1624
162.159 -57.547
162.177 -57.9012
162.196 -58.2293
162.214 -58.5344
162.233 -58.8179
162.251 -59.083
162.269 -59.3312
162.288 -59.5638
162.306 -59.7826
162.325 -59.9885
162.343 -60.1828
162.371 -60.4625
162.4 -60.7201
162.428 -60.9576
162.457 -61.1771
162.485 -61.3806
162.514 -61.5699
162.542 -61.746
162.559 -61.8433
162.575 -61.9369
162.592 -62.027
162.609 -62.1136
162.625 -62.197
162.642 -62.2773
162.659 -62.3547
162.685 -62.4723
162.711 -62.5834
162.738 -62.6885
162.764 -62.7879
162.791 -62.882
162.817 -62.9712
162.844 -63.0558
162.87 -63.1361
162.897 -63.2123
162.923 -63.2846
162.95 -63.3534
162.976 -63.4186
163.003 -63.4807
163.029 -63.5396
163.056 -63.5956
163.082 -63.6488
163.109 -63.6993
163.135 -63.7473
163.162 -63.7928
163.188 -63.8359
163.215 -63.8768
163.241 -63.9155
163.258 -63.9387
163.274 -63.961
163.3 -63.995
163.327 -64.0272
163.353 -64.0575
163.379 -64.0861
163.406 -64.113
163.432 -64.1383
163.459 -64.1619
163.485 -64.1841
163.511 -64.2048
163.538 -64.2241
163.579 -64.2515
163.62 -64.2757
163.661 -64.297
163.702 -64.3153
163.744 -64.331
163.785 -64.344
163.826 -64.3546
163.867 -64.3629
163.908 -64.3688
163.949 -64.3727
163.978 -64.3741
163.996 -64.3746
164.015 -64.3746
164.033 -64.3743
164.052 -64.3735
164.07 -64.3725
164.088 -64.371
164.107 -64.3692
164.125 -64.3671
164.144 -64.3646
164.162 -64.3618
164.181 -64.3587
164.211 -64.3529
164.241 -64.3463
164.271 -64.3389
164.301 -64.3308
164.331 -64.3219
164.347 -64.3169
164.363 -64.3118
164.378 -64.3065
164.394 -64.301
164.41 -64.2953
164.434 -64.2863
164.436 -64.2855
164.438 -64.2847
164.446 -64.2818
164.46 -64.2762
164.474 -64.2704
164.489 -64.2645
164.503 -64.2585
164.517 -64.2524
164.54 -64.2423
164.563 -64.2318
164.586 -64.2211
164.608 -64.2101
164.631 -64.1988
164.654 -64.1872
164.677 -64.1754
164.688 -64.1693
164.7 -64.1632
164.721 -64.1515
164.743 -64.1396
164.765 -64.1274
164.787 -64.1151
164.808 -64.1025
164.83 -64.0897
164.843 -64.0822
164.855 -64.0746
164.868 -64.0669
164.891 -64.0527
164.914 -64.0383
164.938 -64.0237
164.961 -64.0089
164.984 -63.9939
165.007 -63.9787
165.031 -63.9634
165.046 -63.9534
165.061 -63.9433
165.085 -63.9271
165.109 -63.9107
165.133 -63.8942
165.157 -63.8775
165.181 -63.8606
165.205 -63.8436
165.229 -63.8265
165.253 -63.8092
165.277 -63.7918
165.301 -63.7743
165.325 -63.7567
165.349 -63.7389
165.373 -63.721
165.397 -63.7031
165.421 -63.685
165.445 -63.6668
165.469 -63.6485
165.493 -63.6301
165.517 -63.6117
165.541 -63.5931
165.565 -63.5745
165.589 -63.5557
165.613 -63.5369
165.637 -63.5181
165.661 -63.4991
165.685 -63.4801
165.709 -63.461
165.733 -63.4419
165.772 -63.4104
165.812 -63.3788
165.851 -63.347
165.89 -63.3151
165.93 -63.2831
165.969 -63.251
166.008 -63.2188
166.048 -63.1865
166.087 -63.1541
166.126 -63.1217
166.166 -63.0892
166.205 -63.0566
166.244 -63.024
166.283 -62.9914
166.305 -62.9734
166.327 -62.9554
166.348 -62.9374
166.37 -62.9193
166.392 -62.9013
166.414 -62.8833
166.435 -62.8653
166.457 -62.8472
166.479 -62.8292
166.5 -62.8112
166.533 -62.7837
166.566 -62.7563
166.599 -62.7289
166.632 -62.7015
166.665 -62.6741
166.698 -62.6468
166.731 -62.6194
166.764 -62.5921
166.797 -62.5648
166.83 -62.5375
166.863 -62.5102
166.896 -62.483
166.929 -62.4558
166.962 -62.4286
166.995 -62.4014
167.028 -62.3743
167.061 -62.3472
167.063 -62.3454
167.065 -62.3436
167.07 -62.3399
167.077 -62.3341
167.084 -62.3283
167.091 -62.3226
167.098 -62.3168
167.113 -62.3047
167.138 -62.2836
167.164 -62.2626
167.19 -62.2416
167.215 -62.2205
167.241 -62.1996
167.267 -62.1786
167.292 -62.1576
167.318 -62.1367
167.344 -62.1158
167.37 -62.0949
167.395 -62.074
167.421 -62.0531
167.447 -62.0323
167.472 -62.0114
167.498 -61.9906
167.524 -61.9698
167.549 -61.949
167.575 -61.9283
167.601 -61.9075
167.627 -61.8868
167.652 -61.866
167.678 -61.8453
167.704 -61.8246
167.729 -61.8039
167.755 -61.7833
167.768 -61.7726
167.782 -61.7618
167.809 -61.7402
167.835 -61.7187
167.862 -61.6971
167.889 -61.6755
167.916 -61.654
167.943 -61.6324
167.97 -61.6109
167.997 -61.5894
168.024 -61.5678
168.051 -61.5463
168.077 -61.5248
168.118 -61.4923
168.159 -61.4598
168.199 -61.4273
168.24 -61.3948
168.281 -61.3623
168.321 -61.3297
168.362 -61.2972
168.403 -61.2647
168.443 -61.2322
168.484 -61.1997
168.525 -61.1671
168.565 -61.1346
168.606 -61.102
168.647 -61.0694
168.687 -61.0367
168.728 -61.0041
168.769 -60.9714
168.809 -60.9387
168.85 -60.906
168.891 -60.8732
168.931 -60.8404
168.972 -60.8075
169.013 -60.7746
169.053 -60.7417
169.094 -60.7087
169.135 -60.6756
169.175 -60.6426
169.216 -60.6094
169.257 -60.5762
169.297 -60.543
169.338 -60.5097
169.379 -60.4763
169.419 -60.4429
169.46 -60.4094
169.462 -60.4074
169.465 -60.4055
169.471 -60.4
169.484 -60.3893
169.497 -60.3786
169.51 -60.368
169.523 -60.3573
169.548 -60.3371
169.572 -60.3168
169.596 -60.2965
169.621 -60.2762
169.645 -60.2559
169.682 -60.2253
169.719 -60.1946
169.756 -60.1638
169.792 -60.133
169.829 -60.1021
169.866 -60.0712
169.903 -60.0401
169.939 -60.009
169.976 -59.9779
170.013 -59.9467
170.016 -59.9446
170.018 -59.9425
170.024 -59.9374
170.037 -59.9267
170.049 -59.9159
170.062 -59.9052
170.074 -59.8945
170.097 -59.8749
170.12 -59.8553
170.143 -59.8356
170.187 -59.7984
170.23 -59.7611
170.273 -59.7237
170.317 -59.6862
170.36 -59.6485
170.403 -59.6108
170.447 -59.573
170.49 -59.535
170.533 -59.4969
170.577 -59.4588
170.647 -59.3966
170.717 -59.3342
170.788 -59.2715
170.858 -59.2084
170.928 -59.1451
170.998 -59.0814
171.069 -59.0174
171.139 -58.9531
171.209 -58.8885
171.279 -58.8236
171.35 -58.7583
171.42 -58.6928
171.49 -58.6269
171.561 -58.5606
171.631 -58.4941
171.701 -58.4273
171.771 -58.3601
171.842 -58.2926
171.912 -58.2248
171.982 -58.1568
172.052 -58.0884
172.166 -57.9768
172.28 -57.8645
172.394 -57.7515
172.508 -57.6377
172.622 -57.5232
172.736 -57.408
172.912 -57.2289
173.088 -57.0483
173.264 -56.8663
173.44 -56.6832
173.616 -56.499
173.792 -56.314
173.968 -56.1282
174.144 -55.9419
174.32 -55.7553
174.496 -55.5685
174.672 -55.3817
174.848 -55.1954
175.024 -55.0097
175.2 -54.825
175.375 -54.6416
175.551 -54.4596
175.727 -54.28
175.903 -54.1028
176.079 -53.9286
176.255 -53.7579
176.431 -53.591
176.607 -53.4284
176.783 -53.2712
176.959 -53.1193
177.135 -52.9733
177.311 -52.8338
177.487 -52.701
177.663 -52.5747
177.839 -52.4564
178.108 -52.2896
178.377 -52.1404
178.646 -52.0081
178.916 -51.8921
179.185 -51.7911
179.454 -51.7017
179.723 -51.6254
179.992 -51.5573
180.261 -51.4961
