656.927441467 2041.33754202 882.006100596
-0.0825375763995 1445.44399975 1199.90546406
685.36951673 26.8108117708 389.862205429
5.83203455868 1198.55353687 1213.54685063
406.135812087 1231.74485511 1170.91541138
86.1896771001 1163.3857768 1212.80733363
803.660667233 1929.84984529 808.505763856
869.782128991 2089.274087 618.077017318
170.428851637 1026.77626861 1200.37488269
430.943693845 847.515502071 1097.75552897
570.137426464 -105.106699217 192.592701682
790.98939781 64.0767037615 208.50211618
675.887156556 819.58366071 991.872838278
-12.5186763284 1801.37184137 1150.8460066
420.158062584 994.700139932 1136.77393015
283.517506919 1453.0017874 1174.17859551
501.982100587 1778.4343996 1074.56683626
171.537358221 426.606725925 1029.03951707
987.569686257 957.645415846 755.583395571
170.165869087 1122.96314655 1212.47864404
895.404507295 207.611325732 290.844382808
997.929798813 326.58594139 195.854225956
1091.47968338 1945.38090432 317.749108157
42.4337639463 1526.78067237 1185.61500427
179.469643168 -12.5472970846 655.729405108
82.7906518669 1287.59852261 1220.24578314
-43.152432794 160.845981525 836.321352197
1012.10773055 767.199805245 646.205903627
1089.73557484 1788.98125442 481.365736245
828.439534383 744.240820121 848.528351885
322.600766494 -90.4193016518 552.176274333
851.076058479 441.69243584 633.481546692
97.9814438483 105.347824299 824.805322649
133.517933918 174.085700358 875.496117115
716.2532518 -34.6162212471 136.187608216
855.071807938 134.776783174 248.772053174
1038.64122314 468.066036879 310.613754589
1085.77060413 2045.33754878 281.605609238
521.206551939 -30.2531368189 461.033929027
925.247606285 2093.08195441 542.237983899
-87.0354029092 -35.8098689686 627.749246589
997.569437562 381.54255501 301.116307103
-16.0458906114 1655.80929378 1169.632329
-15.4112807696 -89.4420260271 571.873675382
631.638784309 -106.361418822 53.9163226486
149.103176917 881.052187068 1164.20270532
937.121292884 1805.54770929 720.04481186
-0.0663613840841 645.094581492 1112.12658552
1094.37214236 512.152721208 228.36628595
11.556793824 2.90095637428 692.641448609
195.553627549 1325.71028937 1191.25072794
185.962824487 -104.744666592 568.267003155
-105.394083906 1425.03522623 1210.27204117
780.236365164 233.249331517 546.717705255
-77.9041197162 1234.28258498 1209.87179745
-63.0105652314 1353.83031393 1196.36433069
731.825583378 1693.4134048 944.94415477
-46.4671383338 834.795502233 1176.4515301
37.6894778572 1863.86327599 1140.15988566
428.358803137 1816.78186409 1079.49749234
273.671959305 1011.01188496 1168.80852712
139.476170346 1643.14972436 1187.31079442
848.09042246 1802.72425974 838.929903813
-40.4224734474 2024.86267816 1076.19638401
305.712277641 1637.30296197 1141.68868723
82.8029830008 1986.46852815 1086.67907347
-90.4492913664 1626.05587715 1185.10369653
478.347136747 1162.61346386 1141.51685319
87.2165855243 2061.36951531 1046.61940806
-102.102961648 229.465380177 890.591000818
758.987976095 310.835976098 647.850702269
740.873393629 1968.84854279 850.156501945
891.922023087 292.086997017 409.707443628
-81.6255859997 1887.52309453 1099.56000826
-30.1211029957 255.328863581 932.219319827
-99.2284321021 37.7748186574 735.584793836
382.479922738 -40.7262926261 577.115162555
758.161938808 661.108838084 876.471428417
936.798221854 409.133671798 499.262754875
228.740510342 2071.27012164 1046.4907661
270.27658123 1122.34115314 1199.73243445
978.892603707 277.230506995 71.7336289962
249.242100948 689.945307471 1102.1191176
-77.1661462251 1036.02410951 1188.01802879
546.280510322 308.896399199 832.331218536
560.78266433 -40.7885607788 380.016523303
1066.01756383 2090.43224633 212.155668549
47.0970024838 1029.49765775 1213.53089646
339.735436695 550.61099431 1034.165088
1059.88751368 408.202164998 2.41246467925
953.850787156 241.079413323 156.649628587
98.6505508907 -16.9982945377 702.000415454
822.666461352 1659.46912484 907.723438567
924.209749343 200.704473757 76.8382954306
583.34175994 805.325662998 1037.40563266
774.64954532 175.588264966 440.887204616
199.96715153 62.3793109319 745.526697961
22.4881441329 442.958312114 1018.43641205
98.4874590895 -118.723576558 547.652701983
622.102872465 910.900291773 1046.96079347
761.051003244 -1.14771004732 56.7646214854
565.432764636 648.536962822 980.611814068
-72.8235200182 590.322353007 1082.23614555
3.3454028334 74.3726527342 795.266469834
677.989604713 943.711140538 994.53026446
113.938305793 958.271765561 1181.2413478
41.9661660809 829.874585385 1176.83032361
728.942702722 770.632833964 928.304658942
1078.93506701 1422.66970757 612.436286731
131.905238323 1835.78140042 1142.84070413
1094.44712529 1302.06833982 603.452982628
1091.32598158 937.997922447 560.012095118
305.645062239 14.2761710022 665.91988702
690.836286214 603.042569055 892.027604691
663.459873042 1226.98726349 1062.8659609
707.457523706 -46.8873736102 12.88233996
44.2079077258 200.766717961 889.201667242
951.395117304 1103.58202177 805.690909549
537.494592805 59.1911766701 604.943094183
1034.4567162 610.992216446 494.889437
178.432430123 609.464815983 1088.01394295
49.1406508713 1744.51672679 1149.76837486
916.61924977 903.876254281 818.098226341
256.649764206 861.433774273 1150.3908117
220.784182709 1952.01751322 1080.77742265
1008.30553982 2026.87004059 427.942611889
1046.7816632 401.260139757 111.5073569
719.850437108 2082.61552884 783.199875751
1022.19981535 1676.67630964 666.125916815
94.6573630867 397.805640094 1012.75251616
939.383631549 603.074038209 641.926486302
519.501496535 166.767740356 739.052650128
13.0303717896 2097.1860331 1017.6558959
438.24397716 -101.629741815 453.358979127
986.659720938 485.621837191 438.902310081
1063.1167838 804.104444294 555.729115607
494.109847652 720.692805599 1033.91564761
1072.51082126 723.158510935 506.206797186
385.178175043 15.2913962787 654.978280298
980.181823511 2123.53382931 412.58505875
276.80488241 482.234659956 1021.6478798
144.153810055 1560.77780244 1193.9991307
839.645311757 2009.05063385 727.713373802
603.819626132 515.75711496 915.219241819
861.963385463 328.88015514 512.459763911
350.399357056 1359.1278149 1178.72411941
43.8819398723 1365.51847241 1220.10187045
-83.6058625427 698.205394014 1126.75372626
841.024179393 73.0617353902 72.4561339025
929.118123171 1961.33269657 641.432447298
410.684250064 214.026907053 802.549666653
156.347929163 1912.75392186 1113.03304791
878.923179945 626.023819526 752.555412842
795.402660623 1403.56514394 944.870831556
890.774933878 180.395483778 184.005751551
931.205079564 678.245620384 703.011091207
585.396846733 1219.83152761 1088.90496013
481.838530273 1063.70777121 1110.79652939
607.689726656 1778.64249902 1019.7702928
1064.10853535 2103.27460021 75.7205696456
-25.6520486712 1949.94820734 1104.75372098
843.301620361 1138.4957937 932.471534852
439.469183502 2090.52373412 943.907356052
578.559949204 1961.50496942 939.87813369
1092.06028275 503.950846662 64.224811238
437.582521982 1716.11437721 1111.39972374
665.503690473 -16.124185146 275.142108365
1014.90576221 336.886786506 3.22519078286
859.367387121 1439.70702955 908.716757547
586.31835705 1504.24364252 1074.2970038
1048.12699765 430.534722444 217.579091068
966.238726384 404.787368606 417.915927633
770.184126266 73.5095318795 289.989345925
601.170424451 1617.28244687 1047.1333307
-94.2667566239 1509.31601034 1184.02140524
774.225144007 1092.88882689 961.500667599
-99.7208580748 337.389839462 967.808176448
64.4312965216 44.12469541 747.179910521
916.465717577 1891.54636991 709.045962799
826.554034273 947.584933201 907.494395024
293.691395078 270.464038428 888.085028576
628.035141579 750.58012073 982.694926214
613.044021248 -72.5572670529 300.219156535
616.889931407 2114.41959419 870.76373257
1043.9013821 1894.11064484 536.818514227
690.613344891 91.8185897102 460.782099054
1022.75883195 1561.43398193 680.437327523
849.975339765 371.602325549 591.812227642
1094.89724995 1100.1023882 608.686050268
-76.9691813081 2074.23085598 1023.39541097
955.116460109 1230.71333801 818.02985884
537.798805278 -111.10096762 290.479511393
389.938090239 141.611111898 749.836445313
1034.42909584 2114.39211106 290.974026341
214.216348195 949.830040429 1162.34816071
100.829906574 -58.6638583143 618.844678145
982.17646039 1641.40218309 747.03070223
858.769510595 541.595026249 690.578994102
731.664618326 456.846714968 789.337089995
961.22351209 307.141888495 300.599588794
114.544827871 1481.55960613 1199.52914273
1051.16453142 531.363932887 384.804044803
554.364244517 243.435859711 763.76649913
343.263970818 831.181931943 1136.08452186
-104.067061186 1723.53666626 1165.23867248
722.049725594 1155.63977231 992.708574979
394.704649369 1893.42989801 1068.95359381
244.111065568 -44.0215237569 612.382596717
1074.88607993 1724.16795087 548.129221578
684.210801088 247.980402906 649.127396166
115.535090566 653.901726586 1114.91701183
-103.235002822 1805.06114309 1128.41034282
819.009660249 147.422505423 378.667058907
1085.35980307 554.258389744 300.529546673
742.276606137 1351.96087333 988.039422917
979.318190046 1896.98098292 637.775423041
62.0518490701 265.119886385 933.477457805
732.45535638 1766.50572954 912.223948371
1085.58804125 634.288378337 391.347477379
418.723645923 1311.19620143 1167.77248653
505.496288194 1232.71181167 1110.39495874
153.933116854 2118.4073144 1005.59283738
836.024711688 234.359634673 465.221210785
1018.85113243 1965.73505239 493.47661144
979.872203156 1330.23720703 787.229604856
252.352240404 1702.61293868 1135.79008359
-76.5380039814 422.289160209 996.40796119
469.330328131 74.4873210425 679.65122312
717.742873611 1895.03450477 909.344033267
267.278538907 1202.13792407 1205.86346982
1054.29978512 1306.00587754 688.933490101
1093.14304362 710.825358623 413.936133173
337.000739403 1161.58928819 1173.26885652
908.914185756 752.88674633 770.205460689
-103.882898809 1976.47826429 1061.82862904
750.524495422 583.295217877 820.926403754
160.516200233 2009.81691074 1061.52584307
515.954941836 847.62843736 1074.08618967
914.036824252 153.694477328 1.08260828491
61.778230911 1609.70901528 1188.08525976
1066.60219685 1022.22298242 624.60415036
-31.9086591344 1570.88857199 1189.21550511
630.099608455 380.934574636 828.199345255
845.876087657 121.870493195 152.303611725
456.484934128 375.171570431 924.525196001
276.003781084 1798.41549453 1137.39801873
796.764245673 2077.99108366 734.002628941
1073.8520982 1204.51835934 665.326318299
857.739756372 218.015906953 361.878593123
-81.7000311313 104.826545728 784.423956161
606.415861582 160.491328699 661.308237984
480.112940829 256.809136759 810.927212539
905.588662129 1169.16911434 847.026485963
546.818486004 1122.30760807 1109.60787555
231.556975139 309.31365346 947.341860416
990.302269692 524.095297338 520.660107255
904.939480355 1484.77533602 842.985231954
660.118928445 1078.8214471 1035.24829328
717.212610868 181.594025601 543.879404785
293.009101553 1534.51884426 1175.69681131
1050.08243811 2027.01493917 354.981711321
571.609876755 -118.600429947 107.758394103
1080.52001593 468.231824995 140.535978682
492.579777996 601.61494614 1018.46675142
1093.01690045 1563.95783705 551.402571144
723.662771658 0.897146791598 216.045480332
804.482282212 381.288199216 669.996551692
366.598332697 1473.34746063 1171.27279378
321.392158994 403.170199649 972.021847558
772.912817177 30.8696399833 136.581815115
427.730333841 830.937045291 -1363.09996318
1151.82102131 1996.50861808 -33.5495395389
-670.680053888 1849.96531194 896.704897491
-802.011573267 475.340602353 -755.909919281
-476.131111168 320.898163238 -924.595613812
-988.631816812 834.815602394 -671.297738489
-361.323064613 -155.021738303 309.222464063
-744.350268832 301.295886592 -648.430886278
356.674820201 -221.167703056 -311.74030891
-890.352594592 2199.89488171 -252.983477343
-288.966256813 801.924254779 1138.74499529
1202.08249592 1756.7934576 -5.90906904637
158.746585343 1318.0127802 -1490.77057238
-884.97265839 302.252295539 13.0126574634
339.688651484 1099.08432468 -1467.25017048
-889.993418025 358.507204147 317.877170006
315.447820832 -121.698267173 -605.820413719
-502.578657225 915.233829093 -1257.31040157
-799.109880615 1789.58585026 -909.327568196
130.589403936 -199.80509439 466.319487122
-135.991609231 1004.04636774 -1470.64143128
-1133.72706661 956.675822481 -69.3475875297
-424.44445744 2051.04615827 970.410888937
6.45753539426 1453.9934235 -1522.21407471
-636.865317164 248.17650697 580.94693757
1199.2787557 750.837929848 -11.0387253491
-686.639231627 1481.12073399 934.147153008
40.9271702012 1348.87129686 -1512.22733383
12.1162840916 1019.79288713 -1507.80699229
467.222168392 -186.01249849 218.784753359
-82.8786937447 388.738548185 -1212.68191224
-964.628073159 418.411850515 -185.58215741
-289.730222495 1229.29261589 1157.0322377
550.374759932 913.87489708 -1315.95918213
589.500664387 374.127644762 -1008.04937734
-182.396496624 1360.72656161 -1481.08079402
-739.894444478 2175.09273058 -702.420197586
-970.143654956 2119.95013084 269.58364097
-389.146547471 -195.288235813 -134.824558563
-533.040813422 1554.50609092 -1273.63248659
1083.82259639 1455.440991 -770.304350693
14.2967446263 1245.79309147 -1514.11782422
-282.412197614 -196.153552981 264.42346611
-457.164369024 2138.71840308 -1037.82327338
-246.962024523 248.828970506 -1000.62464651
386.531895903 955.717039094 -1418.58722747
-242.730754506 978.64383596 -1401.49079219
-776.932663431 88.9505322947 83.0611392394
-945.790876571 1703.20369919 -678.701368755
602.406051833 1650.49605987 -1244.16544654
1200.17830184 1402.15840866 455.036173443
-238.009416253 -141.697479244 -558.152405478
1151.02557081 1608.03128564 -591.901126229
1261.14183057 1540.58334416 -117.013953495
-151.884763394 575.976723447 1090.37217644
93.5075690286 1126.36726359 -1491.40925284
-980.304434887 1934.37605392 431.104983199
72.0660430164 -190.401764749 -491.484714225
-168.384473343 2082.52559495 1003.78109881
-610.013861859 1610.95502724 -1181.70206862
-728.606575019 1287.13585419 975.422179968
481.397135282 151.140764437 -872.421400934
557.958498468 1109.74109653 -1319.85421858
-280.976345438 897.98016919 -1376.6353984
406.234535573 1407.59304011 -1405.96768019
-277.593680989 -201.147278758 -213.805023221
-986.382286965 2053.94514212 -61.8251981731
301.715292759 1839.46926452 -1358.00398328
-384.584241311 637.773218427 1007.0091511
894.544203899 2175.27022744 -556.910996475
-116.087308877 291.800367583 -1101.09802279
159.656241869 1585.18334363 -1464.28649096
-272.79031948 1168.48888869 -1415.76801122
-873.148232233 2048.07343957 -551.279241608
692.11291292 661.765015602 -1104.7925938
-307.616798019 1064.04055794 1158.06660175
-284.714373049 1572.40868849 -1385.27466622
-799.09445618 1166.86349695 -1026.19105218
1211.38015936 1558.64877611 284.906772722
-994.473812787 2131.38974174 141.324028781
-401.428071044 1767.70953135 -1274.41541728
342.710194714 239.001823897 -990.587060949
783.649544024 2114.61976462 -812.34700246
137.956096428 1191.74513761 -1511.30347005
732.630404622 1069.28737504 -1206.97965581
357.033927057 1870.0030126 -1302.33576469
-1018.68003517 1496.24967496 564.43429859
348.042953267 -222.939569001 292.561403168
-789.608387163 1997.16071202 656.015234718
-326.933829736 1502.21611252 1157.08327397
752.124708276 2075.16024612 -887.93907309
-946.069402671 1076.45537434 675.414244598
-687.573727962 1575.85913952 931.965872653
169.416393692 1866.72937167 -1367.21316528
-185.84610652 1055.87433344 -1431.15165858
-76.2284317216 1257.05390886 -1505.63006628
-438.146961008 830.783803965 -1297.96247353
812.736147416 129.626059897 -413.291334151
-474.536266118 1588.3169512 1075.19498763
617.768182736 663.43097833 -1167.49513309
-118.940087934 1178.10679201 -1469.18005187
-278.388394643 187.989869386 800.234708474
789.216390396 1761.20953236 -1046.4245826
1173.92716139 1350.03985678 -482.357839196
1083.59730754 1534.73210683 -724.996420012
13.7028996131 1865.92527054 -1350.64242066
-736.603259333 175.763013827 -353.063666459
456.488833799 -74.1645709336 -553.47554258
859.255665444 1021.15315095 -1020.0056006
694.792401142 -79.1502505341 -106.306517628
-260.392324331 63.429073979 -832.285406768
-403.691880362 1699.07401547 1107.81869169
628.027837506 -98.3912089236 -287.579325676
-900.48999876 531.924704451 563.867796104
-347.889353915 1617.93175736 1138.28692357
27.7610988802 825.043761084 -1454.82357577
1171.800255 1801.03850797 166.532184103
-166.221639474 1263.15522032 1196.05214091
-411.548939455 1869.04419857 1049.73503411
1183.82851068 689.078432603 -110.553530479
-467.019639033 132.869731792 667.070262832
-296.615743942 1796.20007563 -1311.29803278
-218.952016318 1413.66199021 1179.11761505
-593.663694168 1643.7198757 990.357260547
-989.845144261 1414.21361666 -717.28334366
-585.355089128 1505.79947518 -1221.49633363
-496.61009626 -112.480708215 35.7289903244
-1162.37474982 1242.17441953 -180.514711601
-838.628147158 608.537512896 -728.805192751
-416.042561562 821.812711877 1049.00840717
350.854660596 1498.56201838 -1424.30246656
1206.96771203 1428.06514095 -337.832840954
-1064.2600948 1166.77577825 -517.242768727
-806.907326397 1270.90591809 -1063.85972033
-108.047692233 -217.284685748 342.331682507
-631.548038682 20.9223926031 -204.306816272
1172.27344844 902.878158114 425.389435421
-951.959762151 426.832179353 -81.1870687264
-1055.14217694 857.568694862 -457.712106394
-590.511188866 -82.8928232214 -69.2592641989
-145.356869733 58.162917606 -896.112466439
-786.89825639 673.8138745 -901.275574852
-1126.28004343 883.239706121 -185.956496886
212.471756959 277.513804853 -1107.73045939
-293.649430735 381.629950423 929.724829339
1079.34115541 2042.66878968 -300.122252791
-552.166658774 1901.8598424 966.264531191
-394.779426297 -99.9982962732 -440.345087908
796.227661354 740.311728049 -1028.0939509
-155.925883635 1110.05044372 1187.36811868
99.1938756159 1415.65839234 -1509.18591617
92.3711305959 1032.95634119 -1482.27250224
-1083.74048528 830.326577191 -309.095340683
999.460886129 1001.15064114 -892.444113358
-59.4677653305 1377.87770741 -1509.98432256
1043.80307726 1712.54804593 -698.792269682
-302.360346657 1385.90109298 1150.19528997
-735.782335528 77.6579644589 -251.483200652
-435.790047012 -69.3616058349 -502.888582915
-864.090843382 2132.74701276 436.237514618
-1068.22971152 1370.74130847 -537.763946662
-347.565677191 275.920345094 -1006.96807234
649.682613913 571.008214374 -1046.62231778
-540.41051784 164.233041207 -728.25663861
-722.481801459 2010.47917458 -886.064233216
1257.53824932 1350.67683344 -156.033800579
-719.509711681 79.5811072601 -55.0829017448
402.940791703 1962.97863903 -1248.63117956
-39.3337397666 -114.688040405 -616.531545877
219.157459794 -218.551286949 -359.988644359
1253.04088975 1321.10312503 -290.608543922
-163.678213805 1516.31422915 -1455.58171108
419.261893079 471.774105449 -1161.04576275
714.59032108 902.921549006 -1153.32936314
-791.815157319 1368.93111472 -1055.82312107
-1020.78643147 1706.39503739 -562.871768592
-357.95312114 1425.03380486 -1391.31036813
998.944799542 263.922919497 -106.089851952
-940.535542104 1850.17599023 -577.380153856
-498.471132718 1128.05691432 -1302.50221678
-996.387097476 1916.63791974 -490.924499802
455.19141467 226.183351457 -979.154885696
-336.299694752 2039.37149872 -1167.4061827
-21.350066843 342.406093271 -1160.83720753
-702.394695225 1836.94340704 -980.873035546
-808.627941854 260.244356721 436.587285733
-480.966600932 -90.7521919573 -260.077183012
-1038.12114933 1795.4031631 -434.242329487
-64.9003773962 1755.99312233 -1396.91827128
-591.080760801 809.062875985 -1141.03364506
310.101988085 2189.09776473 -1152.73496116
185.480554282 671.322449302 -1381.03293891
1190.53800472 1530.35573569 -425.314625994
258.793169931 1328.35091444 -1485.47958835
-944.781440327 1796.84753339 -637.732614028
-879.12493124 1984.50707213 -667.386282613
-490.363721507 1288.77246099 -1336.53961779
-1047.34822601 1743.32914701 354.645643355
94.1007437585 1528.85289051 -1506.91824937
-1103.35729143 1686.43699393 -143.94329714
-819.540966163 1636.08953038 799.106459063
800.04261244 27.0903359543 -232.55993818
209.310725754 1509.39325225 -1487.38530888
-881.843308964 1790.85163212 -755.993651914
218.2937311 1244.47278614 -1507.60068365
463.526527982 721.723598556 -1264.6875337
-514.794648887 837.701066682 1051.46300909
667.650018063 -9.10159007339 -413.038336861
-835.163937061 1375.48309499 854.967956311
-971.056862946 2145.26099036 12.2269508354
-549.161041464 343.782781449 785.499584374
677.861401044 782.274652012 -1158.04472448
1174.63678505 1738.43478803 -366.856973578
-150.342846481 1726.86813261 -1431.75021394
-1020.34875342 2034.49510679 176.027784126
1183.12429426 687.934602679 141.803723192
-500.737554669 1425.61256095 1065.0883581
-1083.74963147 1827.10002897 124.47393747
-1048.95027788 1945.55653392 -120.317868896
1252.76870925 962.680995459 151.530607715
-223.453314078 -180.540194261 352.59925326
-209.840611621 1442.6067614 -1438.68278574
-371.591165278 1165.85360978 1163.5826579
1188.67378794 698.480162676 233.367127962
-580.645087585 106.306468912 565.312995857
450.558492023 -142.005751029 -410.62919711
1027.49441785 1142.06456649 -798.792607681
-944.598258758 2112.4392523 -188.461039344
8.60392228344 1646.03803656 -1444.10032174
1243.62069711 868.225300181 95.4633053593
396.710440654 1606.9413237 -1375.41926102
-222.665911217 1590.01218049 1183.84198071
-135.295579626 830.414527745 -1425.41001529
491.415972969 1475.70202367 -1366.04432216
-407.999424876 233.50121177 790.342982752
-534.717489897 741.665227556 984.024533791
-537.855182621 796.569226121 -1208.50953772
-311.864153933 488.933631561 -1164.59540041
-1067.30051073 1833.39356951 -146.63509678
615.410386183 883.542764084 -1248.76950126
-650.610574466 1201.25550375 1024.88627347
-91.9608970194 1461.569258 -1472.36732917
347.081015872 320.733403198 -1062.03974747
-1006.65210665 1197.75173908 -715.821565189
790.88649867 1444.74758755 -1167.2233574
-704.29314937 66.981581454 151.116493076
-194.140815872 2198.17731901 -1116.16409944
-159.656741848 658.312731612 -1317.43970734
58.2186833096 1934.36877067 -1334.77289756
-332.380158135 647.387139305 1075.90875956
-875.145679121 1207.32592979 810.702889124
670.518814866 1301.02908782 -1233.03968483
-534.800219531 673.06674825 -1148.25960352
296.926485478 2031.08659133 -1249.10166976
-42.9018291625 1564.20545253 -1459.17598986
-594.815533398 41.477392951 443.113112861
1173.03016529 1052.30146726 422.620918846
-984.551927372 575.783500681 363.341586966
910.841524466 331.850830103 -584.256155074
423.974577504 1191.47091823 -1401.34817658
246.878906434 1713.93133535 -1385.83619748
765.441655821 353.853894437 -827.120297023
937.18012429 1532.68192954 -955.063259861
940.878607421 587.276398214 -717.295913458
-48.2579928877 2197.09933827 -1179.59759779
778.711880247 295.814783827 -675.880707563
170.553553794 1088.61373099 -1471.56056132
700.494147111 -8.52030804101 -300.999444443
-927.594617953 933.784471822 648.782852121
1161.7019048 1269.5389253 -561.1512786
-1142.01518093 1089.29498211 18.8025790144
819.89910561 1864.43377268 -956.851724066
-24.649082143 1103.92536563 -1508.93472363
966.578866352 885.993145703 -885.006996895
-649.616425405 1362.36953799 -1183.476332
-829.397200497 1925.50958384 684.111548905
973.522025347 604.50453013 -642.402989214
-1120.38436034 1659.18933779 155.773619134
-883.482232824 305.984607635 134.778227987
-967.031956476 660.328699113 500.616124016
-693.608687492 1020.13381534 -1125.09971283
569.606243503 1770.09813016 -1259.91113217
-1091.70430228 1846.72799618 -237.377292411
-46.900136705 591.96605818 -1349.6239974
-1116.9203875 1132.44083199 -355.271640379
-1047.99682322 1954.65047686 187.651612485
-948.17148363 402.67610424 38.9330636545
-736.973572368 1676.3389482 870.768993656
-523.4873293 1889.29945594 -1130.03685367
-1162.23410356 941.995872716 78.6894527578
-824.429187576 787.513718069 -846.50578723
-514.035639569 2052.81954494 885.861329519
544.147042722 517.406853445 -1100.71209309
-391.432940441 707.1932868 1076.97589356
-605.640916242 1369.37651507 1012.73573042
-783.111974728 1918.9371037 767.593094297
-317.059063016 1664.32183109 -1354.07247597
-1055.93912572 731.429661391 -300.852398475
142.120653921 920.495579447 -1481.53809246
-829.088784374 138.512578888 -10.653592811
-215.483218815 883.6604063 1142.98879625
-138.697757586 -225.678352377 -345.191833187
-758.038291476 1170.56609835 895.925857785
873.70140474 1664.08731169 -1019.9314299
789.351676835 -3.90058427938 -51.801850155
-175.891914688 -261.393344431 -52.8581447434
-390.309471138 1509.38977665 -1384.55692986
874.759138466 2047.97291077 -739.929102951
706.326789917 171.318675057 -673.632489
-1043.69551117 596.599016201 -261.80933134
-467.31147788 600.5670109 -1167.39842816
-690.436202998 109.767249454 320.343301804
-416.91273291 2002.74309866 -1173.53365966
1114.59332758 1822.39687887 359.417746723
1234.65034218 815.854119999 35.580742566
-820.840603524 389.419265337 -567.095082023
-1110.39804253 859.233151833 197.134347866
-9.29133577871 -291.825324767 -105.451569141
-423.291306021 1354.84940531 1112.57994618
-910.658659286 1372.51567083 725.207077206
-574.398000896 -71.7279977331 121.084421531
787.089040786 218.73476898 -641.598106275
-333.53461008 1095.42458782 -1428.46852506
-1115.20975989 747.750835586 42.3113971412
-1124.8234075 1690.18626763 44.1418320715
-147.148939556 2122.16658496 -1185.68728512
188.047642643 532.562886766 -1275.44870301
510.189586877 -183.147893817 109.869232558
1239.4860003 976.301191716 -276.694457689
612.288226236 1032.36130808 -1273.14622281
-443.64622859 1506.58033506 1088.85863683
1220.40758355 988.758572287 -383.884058878
817.068753194 1997.65840668 -883.069210314
-371.148087769 389.666239494 -1084.75848414
-592.185219216 103.441651596 -544.722738512
-497.78848037 956.415830747 1065.67246761
1005.53882894 1493.90524442 -877.500056672
899.700334363 1444.39267236 -986.680937464
-536.731903599 2151.6503244 -963.879491716
1205.08627621 1007.25672503 278.869623733
-752.417931842 1025.38370662 919.219723085
-1179.28042871 1390.70412595 -104.228056984
-921.761369615 1832.63829541 563.449577994
-380.004314982 1185.94972569 -1382.72350739
88.6853197929 2129.93675548 -1243.65734544
16.0545913235 77.197912478 -959.153261345
-642.999239674 2151.79423912 739.036616628
306.223933125 -231.208391161 189.291646143
-227.98560049 1980.46512772 1072.50506896
425.22702116 312.270556535 -1025.29211633
-346.722238212 2146.8473126 948.845844106
-623.844965617 461.886174615 -928.271730314
1199.72606366 1736.93348987 274.640179085
-787.664271961 644.198296249 753.890545825
-758.52604173 351.673266352 605.386472652
-896.955841976 361.918679621 -340.993587123
-1062.64333681 989.488463218 -485.415981467
-295.095363373 1886.16788713 -1276.09268465
-870.767294212 449.179475389 472.942909393
837.865043423 1334.06931593 -1115.3445
1149.77043724 691.451691279 -366.526074056
-369.463607914 62.2444760418 -780.171386466
-1074.84255275 1317.86759231 520.373723525
-919.976082258 1302.98498266 775.752764519
1063.07080369 494.121303757 -428.284581048
183.779878013 1411.19570688 -1508.1812839
-128.319915148 2168.44982582 991.39918438
-360.780013384 843.73447493 1125.50392095
340.580101969 32.4490219078 -780.087037815
-131.95754422 -130.916714911 563.151185166
-1020.7575806 653.967247815 353.610712822
-524.501761452 219.805336422 679.261558512
-145.212611637 569.730903822 -1270.00569778
-121.971836859 155.743280768 -979.625976811
-836.714247026 1874.48287635 -804.989624907
852.210403604 1580.66692429 -1075.32037172
814.643614458 456.814036762 -788.866003488
-1097.89315632 1245.58626897 418.539016457
1211.46241534 1412.8322577 334.293831868
649.550258782 2081.37191562 -979.933345982
-688.326983539 520.510901053 -884.204499769
-848.284335947 282.136410846 -381.681562862
-124.979131299 -298.006535647 19.1604239107
-627.57171653 24.3235741579 -377.571024452
-862.331030024 1019.55806961 790.893275191
-836.369039813 1223.14364169 -975.632159675
-501.22447152 -33.9690309477 388.934928055
959.454798081 2043.59715814 -669.269495054
685.041993331 1007.58331871 -1238.62234463
1235.8861446 1259.08544729 -351.699841433
-176.904180438 1804.9714448 -1374.03041104
-488.349877782 1158.15574825 1114.54260948
-934.621450524 1626.55626413 -757.368001233
-1152.40159093 1087.44062547 -294.702777665
-348.574486274 1288.06424854 -1417.22065088
32.2280422175 596.331807151 -1338.05896799
538.022743011 1903.69098969 -1211.71478209
-231.770364383 793.757851036 -1359.39911638
-764.300766986 1634.73316507 -1053.20285888
-143.563987095 2015.36862711 -1263.66541865
235.691260595 -109.693236739 -575.35447333
-635.85146802 1000.26719037 965.437191288
357.704484867 121.905001041 -937.956800405
-765.46598807 248.190606884 -484.093348052
1267.4282219 1155.29775382 68.4049954934
801.563829038 470.154895066 -871.452535336
1127.71415799 961.84433911 -617.321401626
-610.527428765 765.207069781 933.240405246
454.444419744 1546.89380283 -1383.74779166
-468.224305045 41.0723157158 529.827813417
333.257585131 1593.67174903 -1431.99594438
-38.1558346182 718.091564137 -1374.22615583
-690.814412541 1941.91234131 -941.492956927
1105.36361612 1281.70444733 -651.694522378
1137.3049762 1195.30706099 -670.21974413
152.341672658 1942.10059986 -1342.21868659
-317.930281799 120.069085983 777.730745782
-536.894062982 569.860468772 -1063.14565415
166.534931907 34.4226864543 -899.505015936
-252.22813795 991.624442998 1166.87323107
670.121698514 1965.92428224 -1082.6661121
-295.533188873 -217.530686242 -88.2630747698
-462.325060562 2184.51662183 832.613762636
1273.06713557 983.250093964 76.510486316
-693.638287772 670.753491636 877.559973379
-1045.16788976 1445.27482974 -654.568717956
213.654999594 -260.205861468 -244.526884557
14.5176281245 -276.463971855 -193.728457092
980.272022749 273.968964284 -296.998490878
1038.62310088 1892.68431471 -593.588154452
-1034.587106 1856.29109329 423.720912559
-445.708151048 1408.46785085 -1362.40596221
-553.301015702 -106.504322854 -156.729525552
1102.55580612 1071.62366207 -723.168692207
-225.705775726 2059.46343125 -1196.33717556
-1037.94662956 1644.01241249 484.092679959
-1054.15346497 727.272372389 367.821241359
-554.629854376 1057.68245343 -1266.25318215
327.199358791 -254.280192958 -35.6464311928
73.6278466212 419.018932425 -1251.40355313
-1123.96060948 1225.66900961 337.685857047
1178.79117395 1538.24818264 399.395436164
68.1184003205 325.494296105 -1160.66407598
-403.790382666 520.262768012 996.753609626
1210.09905358 1538.99808529 -288.436824387
-970.94713395 471.247055693 223.942104504
654.469750324 232.622225271 -801.424225382
1130.67754182 903.663823746 494.822417593
-901.095070659 1322.16505619 -936.275572445
-819.342386534 207.570667012 120.945012867
-827.513454802 770.341701363 725.554693684
-952.258087682 1449.2149518 729.259559929
-272.844124267 2014.67802624 -1247.91863356
1273.46208484 1186.41363919 196.842076793
856.81743306 348.269412984 -705.953463684
1197.33896162 1066.80258692 -448.187788482
809.117434322 2162.67414833 633.816320504
860.020424872 713.200950202 -944.656637197
266.754291613 431.184894925 -1217.31688651
-685.290066618 101.48986376 -329.922370947
512.222201114 1277.14131006 -1373.19129916
-1082.42061871 1552.61860268 -489.615342401
-205.138352123 363.657924426 960.235643838
-470.103515429 -155.182929026 -165.411159869
-1076.71472371 1421.86002431 410.2032899
-790.187980604 1498.76900594 -1039.29257339
-1106.22962149 1786.45345411 -81.3992820133
-113.506561677 -299.180982654 -119.715281928
-585.912331975 8.40953669919 335.040629807
1194.16455824 1679.84669511 331.66788201
875.887410812 2134.42292996 -679.474285831
-438.428790338 1852.85912633 -1254.63492284
1155.23828972 1123.38244098 -520.365452318
-357.386667937 -100.570345526 419.483903665
-73.6528815836 -81.0214947225 -717.659466695
83.7702007381 -315.389562423 -100.037747279
520.480153241 645.519400994 -1217.99874236
216.129988018 794.544345438 -1394.86151322
-895.193877931 731.411204786 -757.817304679
881.411702527 241.384049201 -397.916473175
-997.795834461 775.818007147 -590.124321785
-251.203215891 36.268545804 679.863351167
533.015866185 1670.35530409 -1280.65579385
-513.588460753 1810.94780046 1025.29401649
552.448788872 2073.14245674 -1115.13293581
-295.193300203 -126.4170851 479.22468819
845.618488691 634.206102837 -885.919892015
374.969060665 1747.9292955 -1372.18573002
781.87987897 1210.22290265 -1156.9386378
-1061.02518818 1829.63773499 306.418709119
-1056.794539 1229.00735928 501.47828607
209.944740464 1156.10252567 -1504.35280761
677.259608679 2177.58630378 -893.773745925
-992.970708648 2068.04852895 36.015313103
-738.95403673 379.044611501 -684.668211342
1194.81829066 1643.50321656 -418.621095561
-1064.75076848 904.783240864 343.054216886
-439.88649635 -118.829617366 352.653657612
-828.414929833 1779.8529478 767.691217515
-819.426646435 330.641229535 -471.743283382
-863.365175763 2015.37249908 609.280169292
1129.54286565 590.001261318 103.538876969
574.137569749 204.07911135 -841.376117642
975.394333926 811.225410424 -827.775996434
-573.508864425 1828.6578624 934.220470091
-1122.16750177 1367.19932931 -457.487281361
-701.448111768 852.761223862 -1069.10838422
-457.803944283 1492.48447873 -1330.03935584
215.869435517 -182.443622932 -468.567026471
-1057.17788152 1551.33802722 504.709787498
1240.67161121 1080.21428643 12.0709930185
-159.753700132 676.909556616 1112.26189381
-165.652702639 -184.270655602 461.515203577
-1153.1272232 1512.79343036 185.83780331
-278.733915853 1283.26498143 -1461.1723684
213.575997651 -95.3813141017 -669.028770675
-880.238116544 1947.32885501 562.8343535
-802.231778189 901.186192505 -1004.13456363
59.6386252157 -101.602223276 -659.807245997
-114.934904534 1918.28677605 -1306.74459783
299.11316816 701.215305829 -1353.96183151
1226.97067077 1400.0696729 251.910038016
-975.635789637 456.646197786 113.47172201
365.077503776 629.44685221 -1288.89614021
-1114.93605133 1600.01430402 -287.911429459
-370.25492492 564.728956063 -1207.21406118
912.172232491 163.098751761 -252.14360898
965.571072436 1801.61548866 -827.814100364
2.46749172475 -8.94708557423 -790.478361387
-333.477268558 -46.0844635258 580.612537297
-240.806393058 -202.092529389 -330.040391448
670.408272429 1156.3471592 -1288.43875064
-945.091676323 681.761723005 593.180442433
776.382878267 1631.97242534 -1136.51494542
-714.778940225 206.735860085 422.674995898
-1107.03737515 813.102199743 298.195028901
-543.092027435 1994.65864633 933.131451869
261.753602645 189.786109291 -1025.28079103
-1104.64213582 1480.39699519 -422.589823807
-1090.43088896 703.775331253 -124.293513028
-1026.24524061 542.209445338 176.997601079
1235.61893575 1163.04816953 295.054906439
130.042211969 1782.01766778 -1386.25155769
1241.15975205 1022.51463152 -162.263806806
-925.277477669 1152.69535342 -879.974252031
1245.49642323 1695.55839839 -142.35839756
-629.333480484 387.131137459 782.404274466
-1150.9511205 1371.86834715 -325.835805944
-221.059283419 1636.63874506 -1398.11686552
-1051.0941447 648.051848804 -352.241284076
-290.776232618 616.097156441 -1292.67115621
881.215296257 938.033189816 -1037.69909058
-680.940963394 1731.70862026 921.934617363
452.512285185 1839.67863014 -1299.10994227
997.637238942 1899.19590309 -731.803835067
-617.187928166 166.180861434 -641.52181058
-1005.02154803 1061.86258138 602.889004858
-853.526912869 1807.113354 692.282079423
-400.107421788 -171.753541977 -32.1884742362
659.247568636 1467.14192583 -1274.83414779
-1057.99668029 1017.07658408 530.567559859
733.762528306 95.754511193 -527.952947159
-416.372078952 1051.44517315 -1330.94360442
1044.76917403 2187.07554876 -166.228615758
-557.714537005 1980.7139358 -1059.20522608
255.038930054 935.882755224 -1426.33518753
-463.159022247 341.566907014 810.139541339
933.542433945 1736.29121621 -873.047013366
883.218389762 1983.73659968 -816.254006279
1182.76513706 848.144371897 -373.27027615
-997.532826831 496.903374187 -174.493372636
-138.039502221 363.711127306 -1155.78414607
55.3593175662 925.173321216 -1482.80026374
-489.663831611 2025.91810997 -1064.9074106
-1002.39160851 1957.08429797 255.449746846
887.290548104 395.017127578 -638.823261549
-261.095407574 427.205306372 -1136.71372961
952.055919376 2125.55371043 -516.572049021
-993.380366582 1989.41297226 -359.547533473
-355.116999954 871.128656975 -1332.84356655
415.661190641 1031.04862686 -1383.72325137
-520.771469587 250.390223547 -840.082308333
891.251260181 838.138209953 -975.66459565
1077.40882805 769.694510254 -662.573122599
475.919572038 -26.8817028682 -643.215692055
628.507269271 153.548559453 -714.551012791
1118.469664 743.489479082 -451.325568403
1213.74700455 1630.36463302 180.316358643
-232.006701371 158.974195667 -966.422116107
-542.467003658 1183.54660774 1047.65190249
-80.202031532 -237.291182825 -258.499798861
122.098464184 -251.084964457 235.153392245
-1021.31438622 1896.73522709 351.316639796
-216.607442442 -256.087965712 106.728636072
1030.47695548 2103.51781695 -410.686844791
1149.5199446 816.281818359 452.033785091
-1144.08117782 1228.00529464 -287.713948743
436.397398657 1741.29403157 -1309.90410053
1066.53346912 514.610428378 -314.643151978
-968.4122692 1158.32689919 706.363815804
1145.62880433 891.852601604 -496.003281192
-1010.28238159 1291.01451613 602.830816902
1229.30878866 852.175478035 -122.789204584
-1046.65218113 1564.75924817 -589.030391802
-333.564235829 -231.149619561 73.8681527412
-977.192393976 1882.3998382 494.143203402
-1147.73735312 1431.38777676 129.759219126
-1086.48597804 667.587715413 33.4426775025
-1045.0532989 1626.38059745 -501.666830023
-908.064651919 471.744937118 -534.361565808
1032.93531048 814.458951207 -734.430769925
1198.7729723 1643.9839746 -258.746324099
-1144.48236673 1252.24402767 144.867331632
-578.265335752 39.529920644 -493.793779242
-614.028547916 1988.91964262 840.907149088
1131.66865368 1840.42733731 -423.203412121
529.631009716 1985.6483548 -1132.609918
-1119.15413958 1793.99122257 9.39597082341
618.876723199 2023.93543236 -1059.67350073
476.14296317 1087.98001225 -1376.82588279
441.637470823 72.6368874202 -802.990070706
-1028.84569812 1295.02195461 -686.995795068
-689.229839683 412.380461563 -802.966439469
966.779408415 1346.99128638 -941.954732735
307.454842762 1184.31913249 -1481.3555885
-1128.84020846 1397.08664776 261.206551244
-752.651043579 2093.32672106 -765.245036503
414.258519502 -248.893412002 -71.9701816906
344.203044306 1307.12785037 -1434.57734578
-926.435569276 1293.32962257 -863.104907719
512.178698418 982.523368755 -1351.24751749
-919.875912141 1706.20979131 624.874158604
744.740291966 60.9982425453 -393.270237355
1209.56489601 942.851933966 218.162957786
-424.08384198 1970.70158119 997.268207132
-803.431545748 1606.61756122 -974.850354903
1172.98295118 1954.99782942 102.155890139
-1012.76289243 997.183423214 -601.034673765
-251.2485015 1124.97708932 1205.04164119
-1129.80198364 1235.51981706 225.309060628
-200.944560439 -41.2349640859 640.67517566
-735.282185018 550.795418635 789.107509069
-428.054268897 -119.714153109 -361.951593034
-650.704342486 285.163087023 674.485668631
-10.4834142283 420.070825687 -1233.20019848
-990.698516559 1548.233968 -666.577728929
-514.151797821 1669.67305273 -1268.38983899
-376.695984832 1009.26840759 1115.34283031
-248.551635751 12.6227400976 -760.29349994
-872.415291062 1478.54717071 -880.172602254
-183.623501701 204.409220451 -1051.04435855
607.374612695 1913.7810902 -1157.32746762
1040.42684616 1806.75430591 -687.516369253
1280.90921399 1363.50458171 19.5288767468
-65.8283105748 900.145667404 -1459.57966367
-931.673528631 2122.68463064 -271.372192462
-639.094954106 2001.60393568 -989.280436547
-535.010495967 2137.87302086 866.808806648
1093.82503706 841.600164209 -573.045529579
-1049.10629508 1735.45748793 -374.891568802
-330.80309048 -203.606604619 -279.542534029
8.19378794405 1789.13788066 -1388.719994
-1038.61992066 1953.12273637 73.8135141469
20.2556421391 -298.993418626 141.375634816
972.166853274 376.75912483 -475.480299556
-526.875264386 1766.92272643 -1171.26362908
-484.579506682 1005.10995518 -1299.72517161
1184.09740543 749.408025913 -202.838606041
1023.92882001 708.239313765 -706.347257941
1108.120847 1077.19061879 -643.256808666
1215.53266828 1825.13365298 46.8256089615
941.030458253 227.893050882 -15.7118078273
-919.453132407 2069.97811198 -439.206599636
-920.133268043 942.014510806 -781.084781472
451.206674246 -199.181453603 19.9387709417
551.709830014 568.687055129 -1170.23177615
842.508158742 1438.51099407 -1100.09147744
1116.17050113 572.869540199 -243.39219423
-1026.74057939 1775.42437169 487.484304511
-458.832025656 390.365963853 -998.30726841
674.114332912 387.518044104 -950.385189731
-1073.07134517 1075.82606895 443.55768293
-234.551192721 75.0712344311 755.143704117
231.02435979 341.334113829 -1180.22934351
992.313842048 404.18091599 -357.161855391
-1017.35069398 850.802114707 483.627602668
421.951899988 -206.438908379 -209.960554441
1268.58040367 1127.01136981 -172.985235534
-997.945974081 952.81928302 -712.625278675
-956.355738913 2182.19104496 197.656200048
934.252301951 1673.32561405 -957.859052923
-712.786659528 778.052666095 876.55634242
-414.996706482 1610.00957781 -1348.70291543
1048.83032563 1215.99035381 -858.661473789
-861.485328574 663.109514388 631.356425843
-435.989412719 507.928703387 -1123.5658073
-625.722235596 1076.69480981 1011.9166987
-826.6038757 836.592896422 792.369073729
-789.064132307 2159.63259166 549.801622032
961.101151223 264.462711711 -194.172630791
-228.601463233 -160.292428566 -445.150831113
3.00403389478 -233.460275299 -368.791129209
1108.29384443 2087.03110681 -146.365031047
-615.523070574 255.825021632 -722.150546734
94.1806103268 1290.20889163 -1529.80894462
1105.24380507 503.419763355 -106.092400809
769.883784244 881.120684049 -1093.43070424
-691.80571793 301.629290179 -732.13413952
-932.78318444 838.068163168 -745.294521243
-278.83805594 266.771448937 864.782061332
-301.418239869 2084.89035311 994.889392064
258.449040179 108.952390846 -947.047811481
942.458561609 1969.61606611 -758.229407958
-873.598160815 211.796816499 57.6010010702
-703.548430115 860.207078389 890.303907706
-682.78070851 1508.60286995 -1133.73071642
-891.185330293 1748.76877875 -832.723318593
479.536128005 414.747708585 -1094.7125174
1210.82729613 1668.59387811 -49.343751571
-204.557945332 517.369900024 1025.12317202
1242.69304235 872.282251301 -35.8789017038
-628.590282326 2159.76121053 -882.319813133
551.665357923 1400.58943244 -1348.08051355
-171.952961652 126.854778426 804.625678781
-1108.63153109 1023.11705139 -328.037921458
1188.2270583 1797.28886219 -207.020457095
1044.96446697 435.568646186 -199.684010802
-1140.14026392 1514.37897358 -347.434873772
676.082406102 2173.97192438 798.672288816
401.38658082 -136.740861786 386.996209738
-1085.16992961 696.767009383 177.274896071
-946.389580105 1226.64181512 -779.906269949
1137.57840746 600.186371398 -52.1914672724
119.333265043 621.456687001 -1370.81789035
533.95335054 1552.63809456 -1360.71641107
-881.096289408 392.129097536 -439.89437802
1039.40990638 1990.84926277 -566.6263032
-789.717255743 991.554450683 -1011.22168064
409.560553163 23.9952561651 -723.832418656
1273.64247383 1077.45358168 190.850365243
83.7847228982 509.236174451 -1305.16810751
816.293554173 1134.64271135 -1157.33406805
-180.032512346 908.837938965 -1413.78202938
-1110.71710909 995.461684964 267.653233266
1123.27107903 1696.49906266 443.641071004
1218.01178087 854.770942608 -232.726311288
82.8682741267 156.430493854 -1011.51132352
-895.228696452 830.058915748 674.043940916
585.377759813 -11.492059481 -553.673189603
-1127.96409114 1020.50717294 139.917564058
-462.842102555 661.993694145 -1227.66661652
-961.501494349 471.410014119 340.395555188
-10.1430949982 2011.14369926 -1288.42638148
-815.569015806 166.770193834 -146.161294424
-240.578978864 2136.24145126 1004.75890771
-286.713744424 526.960642037 1002.80937354
-411.776278458 265.545239049 -960.147058591
257.254152606 1969.07793109 -1323.24549031
1073.1767416 1758.68873023 -619.774049905
-832.05958687 368.708784347 479.804109099
-1003.89097153 1496.8557463 -730.376399691
-1156.72643479 1265.44596087 -1.65372968298
-312.9558558 2189.15018181 -1099.68094117
-205.927259448 1233.85631001 -1473.85399169
-107.310888186 1079.74164203 -1503.71687089
1094.11609564 657.33230943 -481.279237425
-532.794605739 -73.7523022622 215.141710139
1197.68964317 1193.91076518 -515.623631814
-685.442572189 1171.1150058 -1179.65367782
758.895676619 1932.8966129 -1011.65986736
118.056382095 2051.08019398 -1249.20210289
1248.94203317 1258.50992968 299.241064108
159.582676478 2128.4965166 -1206.55577055
-732.479171682 1378.33057153 913.601077899
1026.09350808 993.334355025 -786.533692301
868.584608345 198.207100076 -322.727632808
-887.86997042 273.340522692 243.334868418
508.370657971 64.0309821885 -712.126184016
844.769000281 1229.94648546 -1104.60917405
997.034084063 1405.02956248 -886.614904722
-1164.00148521 1167.5276505 60.3723598374
1225.29882253 1089.05778952 257.912274753
1144.31058149 1838.14505987 -301.816333877
-852.552296811 2070.59679815 537.22959791
702.815278216 1515.1043357 -1208.39167598
-878.371859025 544.696612224 -634.181769831
-577.909495441 1342.22864678 -1262.84305317
851.239141148 129.632339009 -144.233916977
1128.25097369 1943.11459131 -358.679350813
75.8618623479 -244.934781838 -312.082998272
-375.61779778 439.454947735 974.203081346
-1111.70290958 1561.70877246 236.38311338
558.600408972 1224.56174089 -1322.26556216
-987.309733228 1766.38182449 559.793801242
45.7452654478 709.041689751 -1413.94623047
955.614356657 1620.26269837 -859.002325289
735.5431399 2191.30783994 742.097676507
-267.2842637 446.216532711 969.149318783
-615.193390089 1535.94945963 1029.60905229
-940.143733228 1385.29903428 -825.547633699
-488.011318981 97.1304752803 -727.081314044
520.598819006 -194.0314667 -159.462381142
-1142.36768851 1054.72003642 -137.884737264
1232.86769147 1753.77646438 -82.7767966844
-188.143320984 430.108993205 1014.60937637
-918.0996516 1980.74420543 483.063794014
1075.45897937 1595.18836433 -653.704138223
-804.575532922 210.623348218 -326.928912295
-341.786360789 -80.8094061608 -527.663397926
-228.925216012 614.651290652 1074.72086556
896.713540453 679.950840183 -834.300870135
603.809010762 602.472993658 -1113.44449025
-958.82462534 497.783194866 -434.162101152
-144.642856603 -229.220758597 225.777705469
1256.56120474 1528.25749784 -19.8806004858
1206.02079709 1123.56746853 399.710469288
1247.72154419 1113.22408153 -269.540747673
-1098.45418109 1526.66285287 415.989260822
-890.035880026 1653.01971635 -842.140546341
-82.4469236997 -176.744770115 460.312279051
132.883531535 -261.284113084 -225.910741194
329.422752791 486.406634683 -1193.63319685
-618.59954417 686.061975032 918.137996945
-815.829923253 146.95286395 180.868075684
-948.203110232 2005.3775959 -537.902994968
-705.165253356 202.889636441 -597.146570695
111.869901543 -220.907172959 383.078292118
-540.640774405 1200.21636562 -1262.5613503
-1043.54995212 596.667885345 -134.228824695
830.570773014 90.3659915072 -334.421869586
-765.851234548 127.910413952 268.974935626
525.880224578 -180.006269229 -59.531471736
-628.457734898 1732.7301926 -1134.60872218
-639.973030609 974.851020188 -1164.39505259
-734.107070097 1772.63520267 -1031.46546613
-780.952955789 140.876179121 -271.952193195
1255.42150867 1443.72372401 -52.6297312243
-932.871062196 1045.90152686 -765.726726542
-391.03082146 73.0377231977 678.506853924
1133.06119807 565.048924787 -157.043601426
-549.854031755 104.155767451 -674.653821543
-572.782125809 910.970958317 1027.38586037
-1152.15469703 1384.58927876 -215.305228928
-869.91205724 1117.91923109 797.887424
423.431613291 538.906000559 -1220.71757465
155.634965504 338.469955405 -1150.79167548
675.468031027 24.8635215404 -517.885429946
89.6895956591 1695.51537913 -1458.42966872
1018.15348097 1709.10786914 -803.026006191
168.055660657 0.119960144011 -812.747893649
1165.32831363 766.996436004 315.34900723
-913.486584965 630.246765809 -593.088183121
-774.915184888 1699.11620995 -994.917282007
143.845040094 852.574458364 -1410.00109573
597.947954157 -103.013905868 -83.2187303417
434.060988062 -161.657870236 -298.808725634
-846.751034668 1307.42950163 810.967761358
-806.973225703 609.262660404 676.759208367
566.523567095 -147.93001877 -256.89714667
-1101.24135624 915.111329566 -297.778684621
-1127.22656385 867.272861282 -94.1479099297
-543.058860673 -18.6061004216 -415.590555769
-1036.03015857 1149.9921796 513.600618854
-493.541056374 36.7131874119 -646.464275328
-1165.08243646 914.119159678 -1.16462725373
1134.75197407 694.300888649 334.973098929
-298.250284849 192.453781532 -930.614811352
-326.997186793 943.531292828 1112.127178
326.617038693 1680.99049228 -1391.69910325
-946.470068901 1610.55395842 629.405466161
-319.740917882 -123.991140697 -412.03978005
1185.33033643 1885.34485878 -98.12851717
1157.09916778 1404.7101645 -559.103070854
-1017.82458864 500.441207967 6.10886904371
-56.4172278445 233.062684604 -1080.24062786
-878.580463444 1706.61979781 712.688478646
-577.11111548 925.099986806 -1192.53368511
-412.084162401 -20.3721540193 -632.531089016
1077.64286252 2034.67679623 -403.33020329
696.47723341 1647.92013218 -1176.33988553
9.9897084612 -204.439722769 381.498164287
1172.25767809 1510.41261043 -557.383844267
-680.025181865 36.7204124589 -119.222981431
656.169963082 112.711038567 -628.016600273
963.147076324 481.372901299 -564.024195007
-226.988599777 1325.10947394 1210.4214135
-613.218348971 166.680658549 514.091167005
-1000.75669481 2005.00733571 -237.237716416
-287.81701199 1921.38678718 1056.74314673
-75.0343091499 518.213348507 -1276.65524464
280.858945958 -249.291230071 -167.644375929
-1182.92463365 1165.49719291 -59.1522894278
-145.676213422 -42.890100945 -765.858177191
426.367586332 2032.47535095 -1199.03045164
-376.735073926 -62.0321098869 492.295721163
596.995727263 447.094347673 -1057.55509808
1131.56521695 1033.97972397 575.297351338
-615.977458057 2.49195508798 227.220849087
204.394164573 610.619300936 -1314.31538541
-216.510968019 347.309936503 -1105.19917443
-824.666128967 2184.55579342 -541.928456287
-533.12435093 471.346036939 850.849285518
741.39520116 1169.42019351 -1230.48485995
514.222242376 223.70356102 -907.857933364
-301.765945148 1715.6734574 1118.88637734
-176.785875049 -48.1532917844 -684.805056484
-327.845073459 139.279372322 -839.453600344
-368.207580118 1931.88507645 -1259.02387423
-207.408035287 220.698835554 844.563487738
661.860973739 1762.43177709 -1158.28814042
-681.800653378 148.697180479 -438.485208969
144.219874056 744.429859976 -1374.30711729
-982.458163386 615.431526678 -519.381290081
-590.916849646 -71.8530645523 11.1008446934
-683.870056952 2068.27096731 787.070586717
-1154.89767362 1560.50562369 80.7311175255
884.214088026 2160.41295478 578.601327579
57.1395147545 -152.543469053 -574.802937854
-939.775166388 763.973266088 618.223673195
-74.9174191299 1871.39738133 -1383.23223993
-871.716616705 1611.94350404 -917.639815537
876.458779653 278.572664118 -520.619574472
-141.313108083 -150.531395084 -516.092491943
918.253642528 1196.72367524 -1001.86267867
970.889725548 2093.83505302 -596.548407392
1164.03318936 1271.98841255 551.452602465
-1039.34846558 1286.78610076 -602.165400695
-1158.93978108 1586.5076662 -180.759188217
967.827624576 1263.48763222 -923.888326387
-639.89745593 -37.7990205409 78.2963114122
-236.518538234 -70.9251298162 547.51765899
-813.685247493 2003.97090944 -723.251824024
-1097.86961358 1302.34189858 -395.970514762
-695.319187867 1122.41479854 993.082007189
169.477112121 -315.90261775 -25.1185303031
62.2921461314 -49.1918748889 -749.569855456
-553.045002196 405.1434935 -934.295427329
-951.713615509 1279.66098512 678.357136341
584.090274163 -55.4041788069 -484.388973063
-1058.56772307 564.671396327 102.308376971
1233.42056679 980.576014772 -77.3658051788
1050.65936538 1372.02427996 -762.729974568
-523.962515349 1661.95276565 1051.62166404
-250.800837532 113.731504505 -900.25814052
-472.02822851 754.284423897 -1261.98680177
-425.466687003 177.963031878 -852.129987547
235.220529953 52.4478153013 -830.547108839
-690.431584335 2083.01265137 -900.512963131
190.647223122 -291.323236183 -145.102523697
732.245600296 247.085574877 -761.475046854
816.711981003 2173.31786028 -751.847866774
-463.089979863 -157.329436245 130.325911261
-803.378879823 1556.78593797 842.407215557
-968.293116832 2017.37726881 305.429053488
-1142.30326132 1502.51167556 -149.711309607
265.562541537 -205.838237848 317.321102172
-915.381282434 2100.53744069 -356.946504955
-489.035721331 28.9402852347 -540.786171713
956.363064793 2163.60585911 508.800839181
1066.78318696 755.02352752 -579.140200978
1224.76751958 843.450470082 244.226224105
-103.895079054 -222.0515387 -449.484827816
-654.708251651 572.991877534 825.323945096
-523.862548922 1410.63650536 -1269.70417174
-907.607255424 317.19678435 -200.514261834
-472.529809936 696.421675824 1011.35621045
289.864825424 849.27799828 -1406.33874105
-265.080532266 1516.75408714 -1443.72421036
251.660906979 -57.8975074881 -731.292779702
355.262411565 388.97133403 -1166.74874572
1234.72045054 1667.86268751 43.5499928408
1020.74128129 525.428112185 -493.67634632
-661.550143199 1253.95534238 -1174.14958403
931.138407534 1048.97208693 -947.011166712
-122.414947731 747.262116903 -1380.65080119
-583.868467252 825.819665583 999.405239295
-598.747863611 338.72665057 704.054758364
-496.043700623 95.2707063462 583.337815077
-705.273522164 375.680954165 679.036437035
-395.659446503 -168.516878235 234.129009989
1191.08120642 1346.35671831 375.02973396
-1066.28216617 1923.02545959 -17.0577182637
1145.62740384 1864.57274246 251.737233892
-581.590321945 1446.55532829 1027.83835404
-616.707555984 1765.61176016 965.592725121
-204.967501423 796.37901272 1112.51971764
1211.8514711 1254.14089796 444.191645176
1284.54055823 1270.70708585 -56.9724848637
908.094095836 1324.46021276 -1040.87550006
1013.08321252 2199.00054332 -77.7941183647
608.381905257 -94.4722421219 -168.961819432
-315.805160401 1837.82775434 1111.0587727
-694.154290208 221.663856097 504.682167063
-615.568431133 1935.74578733 914.793663298
-1046.8297141 743.993266098 -411.00395805
192.51989469 -295.8504364 101.954502583
1241.06462471 1470.9431197 39.0261442231
-218.296278424 1655.41980926 1137.2551294
1128.52671029 1940.18669557 -247.819126028
-666.39610963 1862.28312717 -1071.96967839
762.681546253 514.412465774 -957.749737584
-511.027465643 1068.39063248 1086.46814538
-100.342681485 18.3150409762 -796.615090752
-169.543954889 428.276062597 -1209.15892871
478.549096158 2148.58651483 -1111.53316037
-880.993527859 1016.16552944 -883.14930935
-1020.45409986 1895.1508022 -328.095470549
757.34042084 1551.20930534 -1161.2694663
-1116.61772732 1109.02784843 270.172923255
-861.18306046 1416.51399091 -985.969092577
-808.596392528 1451.12298361 886.575109487
-869.884155585 204.636415682 -37.7405753596
-153.556656594 1007.95853878 1175.83161881
1270.58966684 1424.56277312 124.586032947
1069.09950218 2190.24873037 -14.8189121493
-138.461087563 1590.51174746 -1425.95218447
905.834168215 310.890217611 -452.834581711
-1109.5331255 1190.1546714 -410.202493459
948.713534513 1897.05916688 -819.042648316
94.6866526197 -310.683205748 18.6532075598
-305.918307086 336.477988065 -1107.46877107
821.674360465 940.308491125 -1111.75787591
-214.88498005 1953.03242373 -1305.26213265
861.349930686 69.073551 -68.4939690931
-324.844894228 -36.7860088249 -682.918600417
-680.290732433 483.642986731 792.77515409
368.032746282 709.575585257 -1296.68850413
-427.899461417 1238.50472218 1143.7395468
850.96123725 1735.21090555 -964.81904308
-236.910328269 546.230235107 -1249.90122678
-870.165405037 1524.59360718 795.092258182
-526.099277692 544.092217176 907.985807379
-71.8096830929 2101.27966893 -1256.44550805
-1125.38421111 1699.49041828 -35.5164274935
-213.067610188 1836.08706222 1096.95577013
960.232213169 719.9834998 -761.702510917
76.6306479557 -271.899097288 90.7884567591
287.536006594 -160.749830746 -537.966062758
-26.640575309 163.556771961 -1010.1429654
-918.74367365 547.141421611 479.07493468
284.836201806 -271.494830011 94.2268583911
175.41363709 988.583147715 -1455.49892172
-339.796729358 791.959456003 -1321.04567838
-901.131691594 2151.77492224 330.004877222
85.7859178733 2186.05385995 1020.14032093
990.125030526 922.19268194 -814.703268223
-426.709023339 918.321179335 1112.92285066
-734.890151011 2011.25624101 718.886422707
-663.134432951 1640.60307376 -1124.77283676
533.422811023 -71.7702330146 -417.100599248
-254.180658056 705.628171937 -1304.175868
-987.945144899 510.44622159 -299.055951913
-658.412274231 672.657494523 -1028.13751147
-1125.3062674 1476.39378831 274.175275614
1278.32700621 1314.65335009 197.974738472
684.051886171 1890.78674064 -1119.46036671
-258.343892821 1733.65640301 -1381.08299134
-1131.91593833 832.258898776 88.0472557005
180.423872006 2199.87792233 984.567734783
1068.58031483 670.478535028 -566.268832563
-804.850697734 607.865710118 -842.781928807
439.256896324 613.460668031 -1256.0992757
886.772935153 570.810573314 -857.056122492
-784.14917805 486.674238518 681.143815992
-716.856804378 1270.30758159 -1103.92478232
220.341434467 2065.24298435 -1245.81971701
811.279860155 180.054770833 -480.376094453
537.688161659 278.443950216 -962.199644841
1151.26693777 1004.98998682 -508.377549539
172.52418665 140.949935705 -952.1383729
1206.33664123 1166.13793435 -379.475465027
1136.22628371 1702.49258446 -547.047572383
407.352549135 185.813791973 -914.195838473
-544.677315254 2078.66424365 -1035.65236979
788.450901355 608.385463488 -946.04266862
-383.844376009 711.47443409 -1269.27660641
740.998209908 1787.39598348 -1108.01688812
-843.480887991 1115.10937707 -969.532430568
335.312580062 -52.3423867914 -718.297812318
1089.11689245 1965.05380652 -476.88667447
-256.711916698 712.097154389 1083.54467794
-808.904171301 1060.5260709 847.924190547
989.147927569 1088.98003933 -900.713307109
-777.298477995 186.068832001 366.167430199
557.912750904 -91.3202848131 -328.397700871
-810.098868041 279.483738751 347.411357606
-1189.54053607 1464.99663585 43.6899057864
-592.869412901 709.610551906 -1094.81861639
-1007.26362854 1779.21239162 -510.723505023
-719.998476608 938.047739613 946.036749053
308.713292118 574.714068576 -1257.21892701
-979.018741897 597.944973845 448.539660418
-957.398443001 1520.29276789 674.125355239
-562.605687207 1007.51630096 1014.63720622
-1140.10052392 1377.89028386 352.686267116
-677.678558301 1909.76675319 839.237098268
-406.044939019 2190.23619093 912.912669977
300.770689329 -154.608644843 -439.75897767
-508.840562689 -2.67972152346 468.533134623
-403.008268372 339.820833062 889.222006023
-298.366047341 2128.16745415 -1157.3929998
-415.816371613 -201.520984958 76.3041647513
683.463871 1379.11969081 -1279.70824836
-337.389769855 1312.61242415 1169.02097528
-54.6610186056 982.03980866 -1463.47729469
1177.51871325 1272.36894105 -460.909266633
936.309071432 481.77118453 -695.986384816
-113.983160409 -251.094600932 132.935365611
1228.14812139 1619.19707239 -167.536105997
153.973684473 -130.219361126 -589.080922238
-468.000444097 462.83908333 933.737063717
-840.839618927 940.624943444 -888.074554669
-1014.69283877 710.993704944 -493.244439829
-791.43850056 431.709985394 -648.494856104
562.137123521 2196.1083886 -964.762122925
-1039.85962777 1404.78599011 506.375900283
557.109804213 766.573052909 -1262.09282778
-1007.26842561 530.41800792 271.79209912
-1103.82021954 920.730525537 -383.570536764
-47.2801569013 -165.798545843 534.201829843
254.580468213 1044.11970075 -1469.0750939
983.753473742 2165.57714015 -364.524420361
-360.305655577 1804.18731495 1052.94526754
-38.4745054018 2161.18308747 1029.3868111
-886.014538648 1889.11318307 -669.643646913
39.7921016105 246.64526578 -1119.43139548
-20.9538707247 -288.862818335 35.700881163
1029.57286128 588.005401944 -546.415409594
-473.21376608 1885.90703102 992.652820751
201.245214532 1653.84715512 -1415.66958218
-968.657466924 605.007461805 -407.70665273
746.850793852 -11.9322611785 -138.696462981
984.706873258 1167.7088308 -930.540650442
-312.955202078 -231.143723527 164.920425871
-919.806201089 1793.49482535 648.606648448
-816.904204194 845.943614044 -932.849846457
-818.638670042 462.094651206 603.629362826
-1059.73156977 1451.33364143 -557.200704694
718.324578118 2117.13810371 -958.433689852
770.725647084 1003.06726418 -1143.58622609
-84.4018585202 1655.64627396 -1460.50294983
589.160253417 1539.04602035 -1278.43328612
-1100.58508673 1633.9317818 393.754673613
-912.886032875 2062.11207103 380.946575664
-554.215191965 499.409670972 -1009.60582743
-426.451616323 -57.0770428787 429.043631012
-667.234237066 754.192825673 -1048.18353579
-1090.57505054 1170.18563975 445.866977197
-189.817999195 1481.32303022 1212.81990625
1295.16292102 1195.08888526 4.53665573572
-539.457268488 1302.89220023 1080.02307438
165.423695269 -55.7364074998 -727.918704489
-722.706359131 629.115670325 -948.561095368
-812.318475288 1254.20582354 879.677259839
896.327104456 1087.11581091 -1047.44439024
-767.329367084 718.851288822 798.32173945
-1134.67315608 1489.67411791 -231.214697692
-739.8621768 2130.61366311 657.267260016
-884.412220005 262.102765549 -135.736489051
-764.61308781 1085.61111044 -1062.8415857
1092.63295527 1283.18436183 -756.526723983
756.230818814 1309.47007883 -1179.97443861
-1093.47947937 1799.56891715 -304.014149112
1010.50687246 2198.8553287 101.449156269
899.047658148 537.231512252 -775.882950001
124.601715588 265.232463517 -1104.30735885
1037.71606477 1557.47157068 -793.998737101
-1170.92736523 1140.10775143 -225.250215955
1009.05081097 2018.70997669 -496.089165256
-449.166672573 184.147362562 738.068954237
1214.67796951 988.044827563 376.538603644
1270.68258494 1207.99981345 -165.356867311
499.409337095 2199.93404227 -1048.79032611
-1094.56152338 974.752412087 394.503673804
-607.902501024 1183.07474116 -1220.74198366
375.315683998 -45.3951484092 -640.469448513
-982.270488351 1419.64784604 639.025257214
-915.4754071 1593.14046287 752.38607823
1223.80077578 1588.6040259 71.1579689827
-799.806922035 1719.73680979 821.4636261
-747.085697646 1159.6813795 -1121.78499299
-773.901035526 1866.17750546 -942.003512747
1249.1377952 1334.21815646 121.10960574
-916.329218681 1552.0257382 -874.971436097
614.879291475 1294.56168443 -1308.51573365
-1038.78371759 835.791546269 375.768641923
264.497456042 507.064158017 -1249.74104237
1172.33537587 661.356127665 -193.232878363
663.07432242 1573.49792069 -1260.38569869
-891.168322009 1874.32979515 646.770666879
185.843407761 210.494681238 -1047.39700609
-557.755399081 316.366316631 -869.988625269
526.301477737 2181.43258171 908.745784275
-1140.77042878 1479.76409296 -32.9925530934
-971.182345327 384.841687313 174.507249083
-65.5912888737 -289.014726926 189.420479979
-1074.00486396 1593.59280764 -415.058122953
-1142.32458172 935.15365198 218.890923003
-1098.80250265 1717.94131807 284.518230236
634.402266058 1223.6841267 -1264.30894026
-406.90036752 1432.8125623 1139.49534663
-1153.81599144 1243.72761509 -85.79629886
1193.60039477 748.484529099 -291.289330435
-825.269118034 1344.13966342 -977.738966106
1156.3120478 1900.80887201 180.81291572
-382.116735696 1093.05661271 1117.19526882
524.477969701 116.908041248 -782.084746105
-624.509930044 354.26350928 -845.489975933
-201.536233979 -117.707718505 490.992902546
184.877756163 2021.45187741 -1309.90346859
-1096.57296174 1250.82640279 -517.637840359
-843.440721322 1710.02973553 -897.089515509
-791.077166046 2112.82023882 -677.205579478
-463.446449202 1200.88425927 -1343.48936973
-320.315729217 1990.13786023 1019.57521743
-708.07514656 130.573635904 397.529160983
1184.82571844 1627.32640366 418.074448578
-1090.32376107 1740.25301162 206.695196502
608.81925449 52.059326548 -603.765385054
379.949279029 2191.49414755 -1093.51037009
973.698497584 1955.5992599 -647.874545736
449.987553659 1295.92949805 -1435.94131902
-1012.26590127 932.330738554 598.791369347
1025.59080782 350.247886901 -252.601226328
1048.24556328 2158.62662273 173.196357225
-443.359726537 2112.7915545 900.236976877
1130.31643686 2015.35218327 -175.639052802
291.951279213 1446.86260696 -1479.16285026
249.335570197 -291.220857965 -39.2351998718
33.218710115 -147.728168688 486.132902994
-467.119561872 1947.91270745 -1139.9060657
-545.925456665 2169.52099445 780.705786968
841.640854741 95.8187412735 -253.637663141
-1096.94045639 1668.05366516 -332.153601141
1102.31903366 2050.08573841 13.4473435763
-182.850477947 1.6924848901 708.942998663
298.532587167 320.241392272 -1132.81779138
-623.113679856 601.743147139 -1042.52746266
-1003.91709224 1169.53362941 634.567154814
1177.04522143 657.403884465 13.7065896477
1145.36227329 1472.32676454 556.696940519
-304.801783061 1381.15914731 -1452.17617999
-350.33308604 997.266762026 -1377.20480056
252.021009093 1592.57426792 -1452.25774824
434.09060699 926.688269155 -1350.58294299
-676.196800184 -7.01420066163 -18.5751704645
359.912683033 111.212028983 -852.206352315
-865.066602407 246.171755139 -287.44347
-935.546748583 331.505308166 -118.839863006
-675.879984526 1716.84839644 -1058.64471998
86.2018741446 66.7590996662 -909.929056081
1252.76838282 1468.40718568 -165.329895
370.174035151 760.359624279 -1365.55088483
-738.661129167 287.682791179 -564.603130292
411.481236311 1103.76524703 -1423.54212331
1193.35837148 860.637479459 335.89917886
653.150525956 311.548569701 -850.161877877
-452.615037332 1749.5555126 1038.77997404
-1056.83656594 539.012341266 -73.2531195591
955.61136728 2170.34321091 -444.398381908
-597.906591186 1820.02541293 -1128.25825803
-559.818293085 -14.5455554295 -309.035555491
-1122.92144894 1146.97309087 368.615107316
1218.44943702 927.560764908 -185.520807902
729.239194366 415.605182645 -865.310784879
-967.537722 773.735736239 507.143498968
391.239927149 -106.205784635 -474.4495243
-1180.52699856 1351.88436845 94.1200850535
-9.14640723552 30.6095085921 -874.927620666
1175.20284719 1581.46700142 -504.068129058
-948.79234465 702.162770534 -648.509035428
776.629072788 637.707830612 -1033.49386955
-975.127091653 842.934217635 571.978754532
1127.07582637 1386.88331227 -660.997220848
836.548485219 1070.22202669 -1114.17065786
-930.074445044 1940.85098044 -619.856646372
217.454893508 2180.31395649 -1152.76892647
815.996671874 841.81573971 -1020.22947397
29.8165699898 2191.12066883 -1202.51380949
123.095063571 -236.398737132 -429.724465039
-1166.47414441 1120.745085 144.330754771
-909.315413728 2172.91633328 -407.771122033
-625.516113248 1100.22836706 -1217.45085801
-924.616742069 901.968678458 724.46105236
1245.62949486 1442.54216701 -254.777899279
-248.938232197 -62.0499667377 -626.551440684
1178.32637125 1454.33054273 -461.167300994
-705.70953827 1423.63805642 -1103.61501507
651.828057545 462.518952716 -977.682766981
1124.01779315 603.357423221 -343.334829652
1241.81588549 1071.87350103 335.221097034
-525.619791574 643.617310912 934.166583793
1050.34067362 2128.53781754 -281.230847473
727.979606851 -29.1416615363 -226.054399768
-760.762785981 547.350054538 -791.419109179
738.552661081 745.777142716 -1085.79886512
8.9180640464 2193.07874481 971.265137183
-47.501082775 787.812361011 -1416.77225738
1125.33303208 1474.36073014 -612.715710048
-486.704798726 1837.8768854 -1181.90016808
-965.028103036 2167.43919184 -133.463300759
-1155.50058774 955.686127289 -152.843490898
-160.77841466 267.378251416 943.377503456
-1002.81022074 1065.8195576 -702.641223216
622.830820406 2146.87285367 -1018.37701813
1183.17693341 1893.49286319 5.24897508521
-145.812679506 1183.69734427 1229.05635473
923.080004406 777.050810648 -905.994501485
206.626461946 1789.68961529 -1414.33840669
766.91010195 47.6817576006 -311.247976666
153.797849173 404.834053731 -1197.91093522
-737.761264303 758.701563118 -1010.37047601
-402.241185115 20.0844821906 582.764555595
-1018.15285309 2039.98842078 -149.771021068
-425.872110979 1686.69851692 -1276.47855037
-642.976729924 -8.18224416322 -285.072864249
-397.72069548 1340.71610791 -1377.83673538
1100.23978526 860.657666745 -668.765163217
274.093464664 -217.491257204 -288.933932346
-1095.29165369 1667.09531054 -223.956059379
344.468682467 2111.93000966 -1194.2713155
1281.87674323 1091.96040227 -97.4339940292
-203.121821908 1869.84221061 -1319.41609428
-481.191356557 -156.580267647 -79.1845793737
-234.687294586 2188.11093036 936.696603295
726.643665914 1388.78926507 -1189.19386888
1233.43990779 810.308167621 156.02021191
-1130.68623587 987.10300712 4.85015956882
-1016.27444026 1103.02194831 -610.668645689
603.015647829 284.844197517 -908.941770289
-835.588951664 689.003378656 704.961658277
-731.942454756 1793.65552142 855.780574753
-1023.28500436 618.955755691 276.223195194
-964.449238531 2004.96973285 -456.105436523
1258.17959287 1552.54283995 198.12706891
-375.135610662 2093.27838707 -1111.70596599
-1162.51917553 1059.41783363 209.337502105
1221.46447838 1713.68882817 132.432886328
-405.114160339 339.783276364 -1030.15640447
-810.653912842 701.236695066 -825.02985522
1086.9033308 2080.39583419 -228.777487028
-161.473263907 -260.057454827 -171.576384319
293.101037162 -171.320430623 386.192710167
1066.38815187 1811.26894684 -555.775274783
1111.82429387 1984.45431312 221.278613572
-195.104538052 1144.44026775 -1487.63358048
-1128.73548049 1063.44188285 348.311755941
-174.908912497 1924.40863397 1100.09498596
-1078.86522521 781.438039048 -173.645411136
-928.356214972 438.897877955 -362.043577245
-659.922236882 1433.14102035 1011.29957521
-1171.82560175 1564.49856375 -11.3561755747
-595.842748505 2082.98764419 797.214827793
1050.58290987 920.359904828 -724.025872895
-908.659905864 621.811046519 -674.572161066
928.861081735 203.790441923 -140.400943849
-532.001873876 1726.36738439 1003.5330559
-807.013703436 194.052581289 245.392896422
-480.140653888 1741.35497789 -1248.20371831
-871.032931155 963.809765909 732.424318231
484.757924329 868.548660269 -1306.36921188
-513.079320021 390.785101279 866.352900919
-962.547877747 1111.52073782 -803.985055706
385.612759947 -209.24068889 201.273247379
-213.012638428 -255.774026969 -248.489148839
1082.20586829 2081.06933478 -63.1042429623
203.775382655 -163.529046294 427.270880932
431.503148241 2180.22794085 903.52468185
-571.334437772 265.378627423 734.847038041
1249.20838202 1214.25816305 -280.052551544
-15.7180029963 -250.633772561 320.335159572
-748.520821655 1347.98532028 -1129.51020267
1245.01327909 1344.35480582 -387.927602618
-606.405980662 1285.65101021 1036.82256713
11.5265766319 1730.5973409 -1444.45615606
-121.676558733 -94.1178633649 -628.999465647
482.498535213 1661.017616 -1345.04769418
-1052.19331883 719.1096273 271.245487466
1155.01834992 1128.39223708 508.217460226
403.310366729 2115.50346399 -1133.04076499
1101.44118729 495.930068757 -213.486857311
-299.776610146 -160.372686148 395.088770985
1068.94055305 575.268799154 -438.320325775
887.886573417 1492.28195893 -1060.04076574
1128.69931654 1827.93205242 -502.555638427
-987.626836126 912.745512265 -629.402015007
1232.80411492 1071.13397305 -363.401764529
-940.145865561 1536.65947838 -787.737427385
-66.3169804488 90.145926189 -928.977459596
-1136.05689935 1019.59478138 -238.105842215
-1023.5516774 869.956743194 -550.928587849
502.279374703 339.471760715 -1040.13231936
-886.13271406 865.578807529 -827.547817345
1279.15162962 996.361873827 -7.8332110324
-827.481593879 1486.60477183 -957.808119475
1074.01410067 379.385576951 -133.350192017
-607.972221889 207.620708881 652.354176206
-469.887011403 127.125183369 -799.240717673
-478.215758758 468.118797239 -1044.88031926
1168.58980163 1739.76303801 -449.802329451
950.073532466 2193.00350087 382.65784674
619.503143416 1823.01124348 -1191.64145615
1204.52075275 1777.76921743 -296.196091969
