237.365
402.44
579.73
763.021
938.994
1135.29
1384.72
1578.7
1767.1
2004.59
2248.98
2412.54
2645.36
2823.79
3008.67
3212.21
3402.98
3558.22
3784.09
3965.02
4141.06
4323.85
4544.48
4704.68
4857.07
5094.58
5286.54
5491.62
5665.66
5824.04
5989.38
6146.08
6340.42
6506.14
6697.97
6866.85
7041.43
7286.89
7466.96
7710.33
7925.47
8146.89
8395.61
8627.95
8803.08
9022.28
9211.83
9446.55
9656.01
9878.82
10048.9
10254.4
10440.7
10612
10838.6
11027.8
11251
11484.4
11642.5
11855.1
12097.2
12309.2
12468.4
12702.1
12915.5
13142.3
13293.6
13541.9
13751.6
13960.8
14154
14316.1
14506.5
14755.4
14982.4
15175.4
15368.6
15537.3
15777
16010.4
16254.8
16429.2
16671.1
16919.2
17130.3
17291.8
17449.8
17688.6
17896
18080.2
18307.3
18553.1
18769.1
18958.2
19150.4
19396.2
19587.5
19785.2
19942.6
20147.7
