207.282545379 221.710431868 866.200622035
563.37827647 1699.8037022 1033.57655885
759.67610953 1839.35221927 863.401768809
1002.92213569 1799.8037022 605.689694077
218.39365649 1502.09454884 1175.04579268
831.50284775 1066.81522439 896.256558334
1002.92213569 885.397417319 664.048243723
947.366580134 786.484918806 701.208976899
285.060323157 772.19920452 1110.50407541
653.731704833 1814.08941649 949.378236566
664.842815944 1661.30455821 986.165684414
553.450561053 1298.82392074 1089.12687021
696.684034643 1281.05228823 1010.83025484
519.155967756 1561.04424975 1082.05867463
432.387633657 1487.80883455 1125.4489828
465.72096699 1912.22395518 1011.82853096
417.622082784 630.219044829 1027.45709634
394.745343003 1109.67236725 1142.26432067
607.822720915 1138.24379582 1057.17743693
596.711609803 1016.49717094 1049.31115952
530.267078867 135.996146154 657.081161566
616.623454863 261.038133738 709.019439912
693.198116422 394.250749838 749.232245742
345.175228163 1828.37513077 1081.35486975
552.997028301 423.753598895 867.567948226
692.266695937 700.770633092 910.964183956
333.30185301 931.824054169 1135.40818726
403.091993998 1640.81947217 1111.35739748
474.711523312 1351.93996693 1120.74616344
820.391736639 1518.18710689 900.582875011
893.556983968 1655.10518645 801.132853616
914.290955633 1384.8390981 828.11225089
1002.92213569 1156.69410304 723.567806591
1031.88845508 1474.65898514 672.310735052
772.23038513 1238.19514538 957.899450957
969.588802357 1441.98195524 760.028985815
1074.71719806 1502.09454884 599.202555447
904.668095079 1016.49717094 818.223649766
749.461285078 988.966911312 949.587297252
1052.49497584 1655.10518645 590.259314003
273.949212045 615.933330544 1062.77778656
736.216739735 1456.26766952 974.377914445
508.044856645 544.504759115 954.124781482
344.412964121 1714.08941649 1112.54737942
182.240557795 1771.23227363 1129.12279985
925.402066744 1728.37513077 741.936756379
378.508561497 478.229580074 975.485841948
631.509482611 662.209451075 936.362012506
-63.6060869474 1138.24379582 1189.90923105
25.2828019415 1109.67236725 1192.89823117
-8.05053139185 931.824054169 1168.77792049
-96.9394202807 946.109768455 1163.43245239
115.573891129 330.756641466 949.367905534
70.672271388 506.801008646 1042.04764299
148.907224462 522.488923229 1044.41713929
262.838100934 -121.146710989 475.795710305
485.822634423 931.824054169 1086.03421812
126.68500224 1399.12481238 1193.68540593
1031.88845508 1399.12481238 683.125537283
653.731704833 1399.12481238 1032.60518422
273.949212045 1869.36681233 1085.40507234
653.731704833 178.853289011 596.100361468
664.842815944 330.756641466 726.338534664
925.402066744 506.801008646 565.651707861
218.39365649 1632.47282117 1155.44418705
296.171434268 2117.34962558 976.786004717
367.397450385 2128.28956813 950.185033105
519.155967756 2031.63533987 936.350305022
383.634231892 2003.06391129 1005.47149008
367.397450385 1575.32996403 1133.66499516
333.30185301 345.042355751 917.271649424
333.30185301 178.853289011 799.729749631
736.216739735 1589.61567832 953.823134075
585.600498692 35.9961461539 482.713407824
148.907224462 757.913490235 1126.92378777
772.23038513 522.488923229 760.902799764
182.240557795 1233.86798783 1192.2660717
850.074869457 1210.92839549 892.98357433
1002.92213569 1095.38665296 715.962968852
1085.82830917 2031.63533987 154.657459308
1052.49497584 1897.9382409 449.90540383
850.074869457 1855.08109804 773.429922512
631.509482611 1897.9382409 932.339943693
596.711609803 316.47092718 768.383539868
653.731704833 1516.38026312 1020.09104844
958.477691246 2017.34962558 533.25657333
798.779764893 463.943865788 696.456988404
818.584892873 837.020860768 856.913993892
969.588802357 1532.47282117 744.729797939
1031.88845508 946.109768455 641.140644695
798.779764893 1728.37513077 869.5560894
3.06057971926 757.913490235 1130.28162567
-52.4949758363 506.801008646 1037.20075829
530.267078867 1441.98195524 1092.07653471
367.397450385 715.056347378 1073.001621
-8.05053139185 345.042355751 958.267892899
454.609855879 7.42471758249 559.683641473
980.699913468 681.076874699 601.972673651
672.572937544 530.219044829 848.48692426
713.994517513 1045.06859951 983.576748277
262.838100934 1375.21623754 1178.42277505
496.933745534 1655.10518645 1074.08214837
322.190741899 1252.48085966 1168.59242237
126.68500224 1714.08941649 1148.28571154
596.711609803 107.424717582 569.226075533
850.074869457 1322.91500561 893.590581876
980.699913468 615.933330544 559.863862244
285.060323157 78.8532890111 726.071463961
772.23038513 871.111703033 905.875082142
-108.050531392 786.484918806 1127.82127926
893.556983968 1281.05228823 853.457473782
1002.92213569 1233.86798783 728.646247612
1096.93942028 1182.35696692 582.042584301
904.668095079 837.020860768 771.081563607
58.6161352748 587.361901972 1075.41307934
322.190741899 1969.36681233 1037.75048312
541.378189979 1828.37513077 1007.47419027
414.203105109 1399.12481238 1139.35136641
160.018335573 261.038133738 900.92545286
218.39365649 387.899498609 969.518708934
-8.05053139185 1281.05228823 1198.58590871
229.504767601 135.996146154 793.845172775
496.933745534 449.658151503 912.119524614
904.668095079 1561.04424975 812.711969073
642.620593722 463.943865788 833.381248233
428.733193895 316.47092718 863.636507147
798.779764893 647.92373679 802.271518514
