0
0.225
0.475
0.75
1
1.25
1.5
1.75
2
2.25
2.475
2.725
2.975
3.225
3.475
3.725
3.975
4.225
4.475
4.725
4.975
5.225
5.475
5.725
5.975
6.225
6.475
6.725
6.975
7.225
7.475
7.725
7.975
8.225
8.475
8.725
8.975
9.225
9.5
9.75
10
10.25
10.5
10.75
11
11.25
11.5
11.75
12
12.25
12.5
12.75
13
13.25
13.5
13.75
14
14.25
14.5
14.75
15
15.25
15.5
15.75
16
16.25
16.5
16.75
17
17.25
17.5
17.75
18
18.25
18.5
18.75
19
19.25
19.5
19.75
20
20.25
20.5
20.75
21
21.25
21.5
21.75
22
22.25
22.5
22.75
23
23.25
23.5
23.75
24
24.25
24.5
24.75
25
25.25
25.5
25.75
26
26.25
26.5
26.75
27
27.25
27.5
27.75
28
28.25
28.5
28.75
29
29.25
29.5
29.75
30
30.25
30.5
30.75
31
31.25
31.5
31.75
32
32.25
32.5
32.75
33
33.25
33.5
33.75
34
34.25
34.5
34.75
35
35.25
35.5
35.75
36
36.25
36.5
36.75
37
37.25
37.5
37.725
37.975
38.225
38.475
38.725
38.975
39.225
39.475
39.725
39.975
40.225
40.475
40.725
40.975
41.225
41.475
41.725
41.975
42.225
42.475
42.725
42.975
43.225
43.475
43.725
43.975
44.225
44.475
44.725
44.975
45.225
45.475
45.725
45.975
46.225
46.475
46.725
46.975
47.225
47.475
47.725
47.975
48.225
48.475
48.725
48.975
49.225
49.475
49.725
49.975
50.225
50.475
50.725
50.975
51.225
51.475
51.725
51.975
52.225
52.475
52.725
52.975
53.225
53.475
53.725
53.975
54.225
54.475
54.725
54.975
55.225
55.475
55.725
55.975
56.225
56.475
56.725
56.975
57.225
57.475
57.725
57.975
58.225
58.475
58.725
58.975
59.225
59.475
59.725
59.975
60.225
60.475
60.725
60.975
61.225
61.475
61.725
61.975
62.225
62.475
62.725
62.975
63.225
63.475
63.725
63.975
64.225
64.475
64.725
64.975
65.225
65.475
65.725
65.975
66.225
66.475
66.725
66.975
67.225
67.475
67.725
67.975
68.225
68.475
68.725
68.975
69.225
69.475
69.725
69.975
70.225
70.475
70.725
70.975
71.225
71.475
71.725
71.975
72.225
72.475
72.725
72.975
73.225
73.475
73.725
73.975
74.225
74.475
74.725
74.975
75.225
75.475
75.725
75.975
76.225
76.475
76.725
76.975
77.225
77.475
77.725
77.975
78.225
78.475
78.725
78.975
79.225
79.475
79.725
79.975
80.225
80.475
80.725
80.975
81.225
81.475
81.725
81.975
82.225
82.475
82.725
82.975
83.225
83.475
83.725
83.975
84.225
84.475
84.725
84.975
85.225
85.475
85.725
85.975
86.225
86.475
86.725
86.975
87.225
87.475
87.725
87.975
88.225
88.475
88.725
88.975
89.225
89.475
89.725
89.975
90.225
90.475
90.725
90.975
91.225
91.475
91.725
91.975
92.225
92.475
92.725
92.975
93.225
93.475
93.725
93.975
94.225
94.475
94.725
94.975
95.225
95.475
95.725
95.975
96.225
96.475
96.725
96.975
97.225
97.475
97.725
97.975
98.225
98.475
98.725
98.975
99.225
99.475
99.725
99.975
100.225
100.475
100.725
100.975
101.225
101.475
101.725
101.975
102.225
102.475
102.725
102.975
103.225
103.475
103.725
103.975
104.225
104.475
104.725
104.975
105.225
105.475
105.725
105.975
106.225
106.475
106.725
106.975
107.225
107.475
107.725
107.975
108.225
108.475
108.725
108.975
109.225
109.475
109.725
109.975
110.225
110.475
110.725
110.975
111.225
111.475
111.725
111.975
112.225
112.475
112.725
112.975
113.225
113.475
113.725
113.975
114.225
114.475
114.725
114.975
115.225
115.475
115.725
115.975
116.225
116.475
116.725
116.975
117.225
117.475
117.725
117.975
118.225
118.475
118.725
118.975
119.225
119.475
119.725
119.975
120.225
120.475
120.725
120.975
121.225
121.475
121.725
121.975
122.225
122.475
122.725
122.975
123.225
123.475
123.725
123.975
124.225
124.475
124.725
124.975
125.225
125.475
125.725
125.975
126.225
126.475
126.725
126.975
127.225
127.475
127.725
127.975
128.225
128.475
128.725
128.975
129.225
129.475
129.725
129.975
130.225
130.475
130.725
130.975
131.225
131.475
131.725
131.975
132.225
132.475
132.725
132.975
133.225
133.475
133.725
133.975
134.225
134.475
134.725
134.975
135.225
135.475
135.725
135.975
136.225
136.475
136.725
136.975
137.225
137.475
137.725
137.975
138.225
138.475
138.725
138.975
139.225
139.475
139.725
139.975
140.225
140.475
140.725
140.975
141.225
141.475
141.725
141.975
142.225
142.475
142.725
142.975
143.225
143.475
143.725
143.975
144.225
144.475
144.725
144.975
145.225
145.475
145.725
145.975
146.225
146.475
146.725
146.975
147.225
147.475
147.725
147.975
148.225
148.475
148.725
148.975
149.225
149.475
149.725
149.975
150.225
150.475
150.75
151
151.25
151.5
151.75
152
152.25
152.5
152.75
153
153.25
153.5
153.75
154
154.25
154.5
154.75
155
155.25
155.5
155.75
156
156.25
156.5
156.75
157
157.25
157.5
157.75
158
158.25
158.5
158.75
159
159.25
159.5
159.75
160
160.25
160.5
160.75
161
161.25
161.5
161.75
162
162.25
162.5
162.75
163
163.25
163.5
163.75
164
164.25
164.5
164.75
165
165.25
165.5
165.75
166
166.25
166.5
166.75
167
167.25
167.5
167.75
168
168.25
168.5
168.75
169
169.25
169.5
169.75
170
170.25
170.5
170.75
171
171.25
171.5
171.75
172
172.25
172.5
172.75
173
173.25
173.5
173.75
174
174.25
174.5
174.75
175
175.25
175.5
175.75
176
176.25
176.5
176.75
177
177.25
177.5
177.75
178
178.25
178.5
178.75
179
179.25
179.5
179.75
180
180.25
180.5
180.75
181
181.25
181.5
181.75
182
182.25
182.5
182.75
183
183.25
183.5
183.75
184
184.25
184.5
184.75
185
185.25
185.5
185.75
186
186.25
186.5
186.75
187
187.25
187.5
187.75
188
188.25
188.5
188.75
189
189.25
189.5
189.75
190
190.25
190.5
190.75
191
191.25
191.5
191.75
192
192.25
192.5
192.75
193
193.25
193.5
193.75
194
194.25
194.5
194.75
195
195.25
195.5
195.75
196
196.25
196.5
196.75
197
197.25
197.5
197.75
198
198.25
198.5
198.75
199
199.25
199.5
199.75
200
200.25
200.5
200.75
201
201.25
201.5
201.75
202
202.25
202.5
202.75
203
203.25
203.5
203.75
204
204.25
204.5
204.75
205
205.25
205.5
205.75
206
206.25
206.5
206.75
207
207.25
207.5
207.75
208
208.25
208.5
208.75
209
209.25
209.5
209.75
210
210.25
210.5
210.75
211
211.25
211.5
211.75
212
212.25
212.5
212.75
213
213.25
213.5
213.75
214
214.25
214.5
214.75
215
215.25
215.5
215.75
216
216.25
216.5
216.75
217
217.25
217.5
217.75
218
218.25
218.5
218.75
219
219.25
219.5
219.75
220
220.25
220.5
220.75
221
221.25
221.5
221.75
222
222.25
222.5
222.75
223
223.25
223.5
223.75
224
224.25
224.5
224.75
225
225.25
225.5
225.75
226
226.25
226.5
226.75
227
227.25
227.5
227.75
228
228.25
228.5
228.75
229
229.25
229.5
229.75
230
230.25
230.5
230.75
231
231.25
231.5
231.75
232
232.25
232.5
232.75
233
233.25
233.5
233.75
234
234.25
234.5
234.75
235
235.25
235.5
235.75
236
236.25
236.5
236.75
237
237.25
237.5
237.75
238
238.25
238.5
238.75
239
239.25
239.5
239.75
240
240.25
240.5
240.75
241
241.25
241.5
241.75
242
242.25
242.5
242.75
243
243.25
243.5
243.75
244
244.25
244.5
244.75
245
245.25
245.5
245.75
246
246.25
246.5
246.75
247
247.25
247.5
247.75
248
248.25
248.5
248.75
249
249.25
249.5
249.75
250
250.25
250.5
250.75
251
251.25
251.5
251.75
252
252.25
252.5
252.75
253
253.25
253.5
253.75
254
254.25
254.5
254.75
255
255.25
255.5
255.75
256
256.25
256.5
256.75
257
257.25
257.5
257.75
258
258.25
258.5
258.75
259
259.25
259.5
259.75
260
260.25
260.5
260.75
261
261.25
261.5
261.75
262
262.25
262.5
262.75
263
263.25
263.5
263.75
264
264.25
264.5
264.75
265
265.25
265.5
265.75
266
266.25
266.5
266.75
267
267.25
267.5
267.75
268
268.25
268.5
268.75
269
269.25
269.5
269.75
270
270.25
270.5
270.75
271
271.25
271.5
271.75
272
272.25
272.5
272.75
273
273.25
273.5
273.75
274
274.25
274.5
274.75
275
275.25
275.5
275.75
276
276.25
276.5
276.75
277
277.25
277.5
277.75
278
278.25
278.5
278.75
279
279.25
279.5
279.75
280
280.25
280.5
280.75
281
281.25
281.5
281.75
282
282.25
282.5
282.75
283
283.25
283.5
283.75
284
284.25
284.5
284.75
285
285.25
285.5
285.75
286
286.25
286.5
286.75
287
287.25
287.5
287.75
288
288.25
288.5
288.75
289
289.25
289.5
289.75
290
290.25
290.5
290.75
291
291.25
291.5
291.75
292
292.25
292.5
292.75
293
293.25
293.5
293.75
294
294.25
294.5
294.75
295
295.25
295.5
295.75
296
296.25
296.5
296.75
297
297.25
297.5
297.75
298
298.25
298.5
298.75
299
299.25
299.5
299.75
300
300.25
300.5
300.75
301
301.25
301.5
301.75
302
302.25
302.5
302.75
303
303.25
303.5
303.75
304
304.25
304.5
304.75
305
305.25
305.5
305.75
306
306.25
306.5
306.75
307
307.25
307.5
307.75
308
308.25
308.5
308.75
309
309.25
309.5
309.75
310
310.25
310.5
310.75
311
311.25
311.5
311.75
312
312.25
312.5
312.75
313
313.25
313.5
313.75
314
314.25
314.5
314.75
315
315.25
315.5
315.75
316
316.25
316.5
316.75
317
317.25
317.5
317.75
318
318.25
318.5
318.75
319
319.25
319.5
319.75
320
320.25
320.5
320.75
321
321.25
321.5
321.75
322
322.25
322.5
322.75
323
323.25
323.5
323.75
324
324.25
324.5
324.75
325
325.25
325.5
325.75
326
326.25
326.5
326.75
327
327.25
327.5
327.75
328
328.25
328.5
328.75
329
329.25
329.5
329.75
330
330.25
330.5
330.75
331
331.25
331.5
331.75
332
332.25
332.5
332.75
333
333.25
333.5
333.75
334
334.25
334.5
334.75
335
335.25
335.5
335.75
336
336.25
336.5
336.75
337
337.25
337.5
337.75
338
338.25
338.5
338.75
339
339.25
339.5
339.75
340
340.25
340.5
340.75
341
341.25
341.5
341.75
342
342.25
342.5
342.75
343
343.25
343.5
343.75
344
344.25
344.5
344.75
345
345.25
345.5
345.75
346
346.25
346.5
346.75
347
347.25
347.5
347.75
348
348.25
348.5
348.75
349
349.25
349.5
349.75
350
350.25
350.5
350.75
351
351.25
351.5
351.75
352
352.25
352.5
352.75
353
353.25
353.5
353.75
354
354.25
354.5
354.75
355
355.25
355.5
355.75
356
356.25
356.5
356.75
357
357.25
357.5
357.75
358
358.25
358.5
358.75
359
359.25
359.5
359.75
360
360.25
360.5
360.75
361
361.25
361.5
361.75
362
362.25
362.5
362.75
363
363.25
363.5
363.75
364
364.25
364.5
364.75
365
365.25
365.5
365.75
366
366.25
366.5
366.75
367
367.25
367.5
367.75
368
368.25
368.5
368.75
369
369.25
369.5
369.75
370
370.25
370.5
370.75
371
371.25
371.5
371.75
372
372.25
372.5
372.75
373
373.25
373.5
373.75
374
374.25
374.5
374.75
375
375.25
375.5
375.75
376
376.25
376.5
376.75
377
377.25
377.5
377.75
378
378.25
378.5
378.75
379
379.25
379.5
379.75
380
380.25
380.5
380.75
381
381.25
381.5
381.75
382
382.25
382.5
382.75
383
383.25
383.5
383.75
384
384.25
384.5
384.75
385
385.25
385.5
385.75
386
386.25
386.5
386.75
387
387.25
387.5
387.75
388
388.25
388.5
388.75
389
389.25
389.5
389.75
390
390.25
390.5
390.75
391
391.25
391.5
391.75
392
392.25
392.5
392.75
393
393.25
393.5
393.75
394
394.25
394.5
394.75
395
395.25
395.5
395.75
396
396.25
396.5
396.75
397
397.25
397.5
397.75
398
398.25
398.5
398.75
399
399.25
399.5
399.75
400
400.25
400.5
400.75
401
401.25
401.5
401.75
402
402.25
402.5
402.75
403
403.25
403.5
403.75
404
404.25
404.5
404.75
405
405.25
405.5
405.75
406
406.25
406.5
406.75
407
407.25
407.5
407.75
408
408.25
408.5
408.75
409
409.25
409.5
409.75
410
410.25
410.5
410.75
411
411.25
411.5
411.75
412
412.25
412.5
412.75
413
413.25
413.5
413.75
414
414.25
414.5
414.75
415
415.25
415.5
415.75
416
416.25
416.5
416.75
417
417.25
417.5
417.75
418
418.25
418.5
418.75
419
419.25
419.5
419.75
420
420.25
420.5
420.75
421
421.25
421.5
421.75
422
422.25
422.5
422.75
423
423.25
423.5
423.75
424
424.25
424.5
424.75
425
425.25
425.5
425.75
426
426.25
426.5
426.75
427
427.25
427.5
427.75
428
428.25
428.5
428.75
429
429.25
429.5
429.75
430
430.25
430.5
430.75
431
431.25
431.5
431.75
432
432.25
432.5
432.75
433
433.25
433.5
433.75
434
434.25
434.5
434.75
435
435.25
435.5
435.75
436
436.25
436.5
436.75
437
437.25
437.5
437.75
438
438.25
438.5
438.75
439
439.25
439.5
439.75
440
440.25
440.5
440.75
441
441.25
441.5
441.75
442
442.25
442.5
442.75
443
443.25
443.5
443.75
444
444.25
444.5
444.75
445
445.25
445.5
445.75
446
446.25
446.5
446.75
447
447.25
447.5
447.75
448
448.25
448.5
448.75
449
449.25
449.5
449.75
450
450.25
450.5
450.75
451
451.25
451.5
451.75
452
452.25
452.5
452.75
453
453.25
453.5
453.75
454
454.25
454.5
454.75
455
455.25
455.5
455.75
456
456.25
456.5
456.75
457
457.25
457.5
457.75
458
458.25
458.5
458.75
459
459.25
459.5
459.75
460
460.25
460.5
460.75
461
461.25
461.5
461.75
462
462.25
462.5
462.75
463
463.25
463.5
463.75
464
464.25
464.5
464.75
465
465.25
465.5
465.75
466
466.25
466.5
466.75
467
467.25
467.5
467.75
468
468.25
468.5
468.75
469
469.25
469.5
469.75
470
470.25
470.5
470.75
471
471.25
471.5
471.75
472
472.25
472.5
472.75
473
473.25
473.5
473.75
474
474.25
474.5
474.75
475
475.25
475.5
475.75
476
476.25
476.5
476.75
477
477.25
477.5
477.75
478
478.25
478.5
478.75
479
479.25
479.5
479.75
480
480.25
480.5
480.75
481
481.25
481.5
481.75
482
482.25
482.5
482.75
483
483.25
483.5
483.75
484
484.25
484.5
484.75
485
485.25
485.5
485.75
486
486.25
486.5
486.75
487
487.25
487.5
487.75
488
488.25
488.5
488.75
489
489.25
489.5
489.75
490
490.25
490.5
490.75
491
491.25
491.5
491.75
492
492.25
492.5
492.75
493
493.25
493.5
493.75
494
494.25
494.5
494.75
495
495.25
495.5
495.75
496
496.25
496.5
496.75
497
497.25
497.5
497.75
498
498.25
498.5
498.75
499
499.25
499.5
499.75
500
500.25
500.5
500.75
501
501.25
501.5
501.75
502
502.25
502.5
502.75
503
503.25
503.5
503.75
504
504.25
504.5
504.75
505
505.25
505.5
505.75
506
506.25
506.5
506.75
507
507.25
507.5
507.75
508
508.25
508.5
508.75
509
509.25
509.5
509.75
510
510.25
510.5
510.75
511
511.25
511.5
511.75
512
512.25
512.5
512.75
513
513.25
513.5
513.75
514
514.25
514.5
514.75
515
515.25
515.5
515.75
516
516.25
516.5
516.75
517
517.25
517.5
517.75
518
518.25
518.5
518.75
519
519.25
519.5
519.75
520
520.25
520.5
520.75
521
521.25
521.5
521.75
522
522.25
522.5
522.75
523
523.25
523.5
523.75
524
524.25
524.5
524.75
525
525.25
525.5
525.75
526
526.25
526.5
526.75
527
527.25
527.5
527.75
528
528.25
528.5
528.75
529
529.25
529.5
529.75
530
530.25
530.5
530.75
531
531.25
531.5
531.75
532
532.25
532.5
532.75
533
533.25
533.5
533.75
534
534.25
534.5
534.75
535
535.25
535.5
535.75
536
536.25
536.5
536.75
537
537.25
537.5
537.75
538
538.25
538.5
538.75
539
539.25
539.5
539.75
540
540.25
540.5
540.75
541
541.25
541.5
541.75
542
542.25
542.5
542.75
543
543.25
543.5
543.75
544
544.25
544.5
544.75
545
545.25
545.5
545.75
546
546.25
546.5
546.75
547
547.25
547.5
547.75
548
548.25
548.5
548.75
549
549.25
549.5
549.75
550
550.25
550.5
550.75
551
551.25
551.5
551.75
552
552.25
552.5
552.75
553
553.25
553.5
553.75
554
554.25
554.5
554.75
555
555.25
555.5
555.75
556
556.25
556.5
556.75
557
557.25
557.5
557.75
558
558.25
558.5
558.75
559
559.25
559.5
559.75
560
560.25
560.5
560.75
561
561.25
561.5
561.75
562
562.25
562.5
562.75
563
563.25
563.5
563.75
564
564.25
564.5
564.75
565
565.25
565.5
565.75
566
566.25
566.5
566.75
567
567.25
567.5
567.75
568
568.25
568.5
568.75
569
569.25
569.5
569.75
570
570.25
570.5
570.75
571
571.25
571.5
571.75
572
572.25
572.5
572.75
573
573.25
573.5
573.75
574
574.25
574.5
574.75
575
575.25
575.5
575.75
576
576.25
576.5
576.75
577
577.25
577.5
577.75
578
578.25
578.5
578.75
579
579.25
579.5
579.75
580
580.25
580.5
580.75
581
581.25
581.5
581.75
582
582.25
582.5
582.75
583
583.25
583.5
583.75
584
584.25
584.5
584.75
585
585.25
585.5
585.75
586
586.25
586.5
586.75
587
587.25
587.5
587.75
588
588.25
588.5
588.75
589
589.25
589.5
589.75
590
590.25
590.5
590.75
591
591.25
591.5
591.75
592
592.25
592.5
592.75
593
593.25
593.5
593.75
594
594.25
594.5
594.75
595
595.25
595.5
595.75
596
596.25
596.5
596.75
597
597.25
597.5
597.75
598
598.25
598.5
598.75
599
599.25
599.5
599.75
600
600.25
600.5
600.75
601
601.25
601.5
601.75
602
602.25
602.475
602.725
602.975
603.225
603.475
603.725
603.975
604.225
604.475
604.725
604.975
605.225
605.475
605.725
605.975
606.225
606.475
606.725
606.975
607.225
607.475
607.725
607.975
608.225
608.475
608.725
608.975
609.225
609.475
609.725
609.975
610.225
610.475
610.725
610.975
611.225
611.475
611.725
611.975
612.225
612.475
612.725
612.975
613.225
613.475
613.725
613.975
614.225
614.475
614.725
614.975
615.225
615.475
615.725
615.975
616.225
616.475
616.725
616.975
617.225
617.475
617.725
617.975
618.225
618.475
618.725
618.975
619.225
619.475
619.725
619.975
620.225
620.475
620.725
620.975
621.225
621.475
621.725
621.975
622.225
622.475
622.725
622.975
623.225
623.475
623.725
623.975
624.225
624.475
624.725
624.975
625.225
625.475
625.725
625.975
626.225
626.475
626.725
626.975
627.225
627.475
627.725
627.975
628.225
628.475
628.725
628.975
629.225
629.475
629.725
629.975
630.225
630.475
630.725
630.975
631.225
631.475
631.725
631.975
632.225
632.475
632.725
632.975
633.225
633.475
633.725
633.975
634.225
634.475
634.725
634.975
635.225
635.475
635.725
635.975
636.225
636.475
636.725
636.975
637.225
637.475
637.725
637.975
638.225
638.475
638.725
638.975
639.225
639.475
639.725
639.975
640.225
640.475
640.725
640.975
641.225
641.475
641.725
641.975
642.225
642.475
642.725
642.975
643.225
643.475
643.725
643.975
644.225
644.475
644.725
644.975
645.225
645.475
645.725
645.975
646.225
646.475
646.725
646.975
647.225
647.475
647.725
647.975
648.225
648.475
648.725
648.975
649.225
649.475
649.725
649.975
650.225
650.475
650.725
650.975
651.225
651.475
651.725
651.975
652.225
652.475
652.725
652.975
653.225
653.475
653.725
653.975
654.225
654.475
654.725
654.975
655.225
655.475
655.725
655.975
656.225
656.475
656.725
656.975
657.225
657.475
657.725
657.975
658.225
658.475
658.725
658.975
659.225
659.475
659.725
659.975
660.225
660.475
660.725
660.975
661.225
661.475
661.725
661.975
662.225
662.475
662.725
662.975
663.225
663.475
663.725
663.975
664.225
664.475
664.725
664.975
665.225
665.475
665.725
665.975
666.225
666.475
666.725
666.975
667.225
667.475
667.725
667.975
668.225
668.475
668.725
668.975
669.225
669.475
669.725
669.975
670.225
670.475
670.725
670.975
671.225
671.475
671.725
671.975
672.225
672.475
672.725
672.975
673.225
673.475
673.725
673.975
674.225
674.475
674.725
674.975
675.225
675.475
675.725
675.975
676.225
676.475
676.725
676.975
677.225
677.475
677.725
677.975
678.225
678.475
678.725
678.975
679.225
679.475
679.725
679.975
680.225
680.475
680.725
680.975
681.225
681.475
681.725
681.975
682.225
682.475
682.725
682.975
683.225
683.475
683.725
683.975
684.225
684.475
684.725
684.975
685.225
685.475
685.725
685.975
686.225
686.475
686.725
686.975
687.225
687.475
687.725
687.975
688.225
688.475
688.725
688.975
689.225
689.475
689.725
689.975
690.225
690.475
690.725
690.975
691.225
691.475
691.725
691.975
692.225
692.475
692.725
692.975
693.225
693.475
693.725
693.975
694.225
694.475
694.725
694.975
695.225
695.475
695.725
695.975
696.225
696.475
696.725
696.975
697.225
697.475
697.725
697.975
698.225
698.475
698.725
698.975
699.225
699.475
699.725
699.975
700.225
700.475
700.725
700.975
701.225
701.475
701.725
701.975
702.225
702.475
702.725
702.975
703.225
703.475
703.725
703.975
704.225
704.475
704.725
704.975
705.225
705.475
705.725
705.975
706.225
706.475
706.725
706.975
707.225
707.475
707.725
707.975
708.225
708.475
708.725
708.975
709.225
709.475
709.725
709.975
710.225
710.475
710.725
710.975
711.225
711.475
711.725
711.975
712.225
712.475
712.725
712.975
713.225
713.475
713.725
713.975
714.225
714.475
714.725
714.975
715.225
715.475
715.725
715.975
716.225
716.475
716.725
716.975
717.225
717.475
717.725
717.975
718.225
718.475
718.725
718.975
719.225
719.475
719.725
719.975
720.225
720.475
720.725
720.975
721.225
721.475
721.725
721.975
722.225
722.475
722.725
722.975
723.225
723.475
723.725
723.975
724.225
724.475
724.725
724.975
725.225
725.475
725.725
725.975
726.225
726.475
726.725
726.975
727.225
727.475
727.725
727.975
728.225
728.475
728.725
728.975
729.225
729.475
729.725
729.975
730.225
730.475
730.725
730.975
731.225
731.475
731.725
731.975
732.225
732.475
732.725
732.975
733.225
733.475
733.725
733.975
734.225
734.475
734.725
734.975
735.225
735.475
735.725
735.975
736.225
736.475
736.725
736.975
737.225
737.475
737.725
737.975
738.225
738.475
738.725
738.975
739.225
739.475
739.725
739.975
740.225
740.475
740.725
740.975
741.225
741.475
741.725
741.975
742.225
742.475
742.725
742.975
743.225
743.475
743.725
743.975
744.225
744.475
744.725
744.975
745.225
745.475
745.725
745.975
746.225
746.475
746.725
746.975
747.225
747.475
747.725
747.975
748.225
748.475
748.725
748.975
749.225
749.475
749.725
749.975
750.225
750.475
750.725
750.975
751.225
751.475
751.725
751.975
752.225
752.475
752.725
752.975
753.225
753.475
753.725
753.975
754.225
754.475
754.725
754.975
755.225
755.475
755.725
755.975
756.225
756.475
756.725
756.975
757.225
757.475
757.725
757.975
758.225
758.475
758.725
758.975
759.225
759.475
759.725
759.975
760.225
760.475
760.725
760.975
761.225
761.475
761.725
761.975
762.225
762.475
762.725
762.975
763.225
763.475
763.725
763.975
764.225
764.475
764.725
764.975
765.225
765.475
765.725
765.975
766.225
766.475
766.725
766.975
767.225
767.475
767.725
767.975
768.225
768.475
768.725
768.975
769.225
769.475
769.725
769.975
770.225
770.475
770.725
770.975
771.225
771.475
771.725
771.975
772.225
772.475
772.725
772.975
773.225
773.475
773.725
773.975
774.225
774.475
774.725
774.975
775.225
775.475
775.725
775.975
776.225
776.475
776.725
776.975
777.225
777.475
777.725
777.975
778.225
778.475
778.725
778.975
779.225
779.475
779.725
779.975
780.225
780.475
780.725
780.975
781.225
781.475
781.725
781.975
782.225
782.475
782.725
782.975
783.225
783.475
783.725
783.975
784.225
784.475
784.725
784.975
785.225
785.475
785.725
785.975
786.225
786.475
786.725
786.975
787.225
787.475
787.725
787.975
788.225
788.475
788.725
788.975
789.225
789.475
789.725
789.975
790.225
790.475
790.725
790.975
791.225
791.475
791.725
791.975
792.225
792.475
792.725
792.975
793.225
793.475
793.725
793.975
794.225
794.475
794.725
794.975
795.225
795.475
795.725
795.975
796.225
796.475
796.725
796.975
797.225
797.475
797.725
797.975
798.225
798.475
798.725
798.975
799.225
799.475
799.725
799.975
800.225
800.475
800.725
800.975
801.225
801.475
801.725
801.975
802.225
802.475
802.725
802.975
803.225
803.475
803.725
803.975
804.225
804.475
804.725
804.975
805.225
805.475
805.725
805.975
806.225
806.475
806.725
806.975
807.225
807.475
807.725
807.975
808.225
808.475
808.725
808.975
809.225
809.475
809.725
809.975
810.225
810.475
810.725
810.975
811.225
811.475
811.725
811.975
812.225
812.475
812.725
812.975
813.225
813.475
813.725
813.975
814.225
814.475
814.725
814.975
815.225
815.475
815.725
815.975
816.225
816.475
816.725
816.975
817.225
817.475
817.725
817.975
818.225
818.475
818.725
818.975
819.225
819.475
819.725
819.975
820.225
820.475
820.725
820.975
821.225
821.475
821.725
821.975
822.225
822.475
822.725
822.975
823.225
823.475
823.725
823.975
824.225
824.475
824.725
824.975
825.225
825.475
825.725
825.975
826.225
826.475
826.725
826.975
827.225
827.475
827.725
827.975
828.225
828.475
828.725
828.975
829.225
829.475
829.725
829.975
830.225
830.475
830.725
830.975
831.225
831.475
831.725
831.975
832.225
832.475
832.725
832.975
833.225
833.475
833.725
833.975
834.225
834.475
834.725
834.975
835.225
835.475
835.725
835.975
836.225
836.475
836.725
836.975
837.225
837.475
837.725
837.975
838.225
838.475
838.725
838.975
839.225
839.475
839.725
839.975
840.225
840.475
840.725
840.975
841.225
841.475
841.725
841.975
842.225
842.475
842.725
842.975
843.225
843.475
843.725
843.975
844.225
844.475
844.725
844.975
845.225
845.475
845.725
845.975
846.225
846.475
846.725
846.975
847.225
847.475
847.725
847.975
848.225
848.475
848.725
848.975
849.225
849.475
849.725
849.975
850.225
850.475
850.725
850.975
851.225
851.475
851.725
851.975
852.225
852.475
852.725
852.975
853.225
853.475
853.725
853.975
854.225
854.475
854.725
854.975
855.225
855.475
855.725
855.975
856.225
856.475
856.725
856.975
857.225
857.475
857.725
857.975
858.225
858.475
858.725
858.975
859.225
859.475
859.725
859.975
860.225
860.475
860.725
860.975
861.225
861.475
861.725
861.975
862.225
862.475
862.725
862.975
863.225
863.475
863.725
863.975
864.225
864.475
864.725
864.975
865.225
865.475
865.725
865.975
866.225
866.475
866.725
866.975
867.225
867.475
867.725
867.975
868.225
868.475
868.725
868.975
869.225
869.475
869.725
869.975
870.225
870.475
870.725
870.975
871.225
871.475
871.725
871.975
872.225
872.475
872.725
872.975
873.225
873.475
873.725
873.975
874.225
874.475
874.725
874.975
875.225
875.475
875.725
875.975
876.225
876.475
876.725
876.975
877.225
877.475
877.725
877.975
878.225
878.475
878.725
878.975
879.225
879.475
879.725
879.975
880.225
880.475
880.725
880.975
881.225
881.475
881.725
881.975
882.225
882.475
882.725
882.975
883.225
883.475
883.725
883.975
884.225
884.475
884.725
884.975
885.225
885.475
885.725
885.975
886.225
886.475
886.725
886.975
887.225
887.475
887.725
887.975
888.225
888.475
888.725
888.975
889.225
889.475
889.725
889.975
890.225
890.475
890.725
890.975
891.225
891.475
891.725
891.975
892.225
892.475
892.725
892.975
893.225
893.475
893.725
893.975
894.225
894.475
894.725
894.975
895.225
895.475
895.725
895.975
896.225
896.475
896.725
896.975
897.225
897.475
897.725
897.975
898.225
898.475
898.725
898.975
899.225
899.475
899.725
899.975
900.225
900.475
900.725
900.975
901.225
901.475
901.725
901.975
902.225
902.475
902.725
902.975
903.225
903.475
903.725
903.975
904.225
904.475
904.725
904.975
905.225
905.475
905.725
905.975
906.225
906.475
906.725
906.975
907.225
907.475
907.725
907.975
908.225
908.475
908.725
908.975
909.225
909.475
909.725
909.975
910.225
910.475
910.725
910.975
911.225
911.475
911.725
911.975
912.225
912.475
912.725
912.975
913.225
913.475
913.725
913.975
914.225
914.475
914.725
914.975
915.225
915.475
915.725
915.975
916.225
916.475
916.725
916.975
917.225
917.475
917.725
917.975
918.225
918.475
918.725
918.975
919.225
919.475
919.725
919.975
920.225
920.475
920.725
920.975
921.225
921.475
921.725
921.975
922.225
922.475
922.725
922.975
923.225
923.475
923.725
923.975
924.225
924.475
924.725
924.975
925.225
925.475
925.725
925.975
926.225
926.475
926.725
926.975
927.225
927.475
927.725
927.975
928.225
928.475
928.725
928.975
929.225
929.475
929.725
929.975
930.225
930.475
930.725
930.975
931.225
931.475
931.725
931.975
932.225
932.475
932.725
932.975
933.225
933.475
933.725
933.975
934.225
934.475
934.725
934.975
935.225
935.475
935.725
935.975
936.225
936.475
936.725
936.975
937.225
937.475
937.725
937.975
938.225
938.475
938.725
938.975
939.225
939.475
939.725
939.975
940.225
940.475
940.725
940.975
941.225
941.475
941.725
941.975
942.225
942.475
942.725
942.975
943.225
943.475
943.725
943.975
944.225
944.475
944.725
944.975
945.225
945.475
945.725
945.975
946.225
946.475
946.725
946.975
947.225
947.475
947.725
947.975
948.225
948.475
948.725
948.975
949.225
949.475
949.725
949.975
950.225
950.475
950.725
950.975
951.225
951.475
951.725
951.975
952.225
952.475
952.725
952.975
953.225
953.475
953.725
953.975
954.225
954.475
954.725
954.975
955.225
955.475
955.725
955.975
956.225
956.475
956.725
956.975
957.225
957.475
957.725
957.975
958.225
958.475
958.725
958.975
959.225
959.475
959.725
959.975
960.225
960.475
960.725
960.975
961.225
961.475
961.725
961.975
962.225
962.475
962.725
962.975
963.225
963.475
963.725
963.975
964.225
964.475
964.725
964.975
965.225
965.475
965.725
965.975
966.225
966.475
966.725
966.975
967.225
967.475
967.725
967.975
968.225
968.475
968.725
968.975
969.225
969.475
969.725
969.975
970.225
970.475
970.725
970.975
971.225
971.475
971.725
971.975
972.225
972.475
972.725
972.975
973.225
973.475
973.725
973.975
974.225
974.475
974.725
974.975
975.225
975.475
975.725
975.975
976.225
976.475
976.725
976.975
977.225
977.475
977.725
977.975
978.225
978.475
978.725
978.975
979.225
979.475
979.725
979.975
980.225
980.475
980.725
980.975
981.225
981.475
981.725
981.975
982.225
982.475
982.725
982.975
983.225
983.475
983.725
983.975
984.225
984.475
984.725
984.975
985.225
985.475
985.725
985.975
986.225
986.475
986.725
986.975
987.225
987.475
987.725
987.975
988.225
988.475
988.725
988.975
989.225
989.475
989.725
989.975
990.225
990.475
990.725
990.975
991.225
991.475
991.725
991.975
992.225
992.475
992.725
992.975
993.225
993.475
993.725
993.975
994.225
994.475
994.725
994.975
995.225
995.475
995.725
995.975
996.225
996.475
996.725
996.975
997.225
997.475
997.725
997.975
998.225
998.475
998.725
998.975
999.225
999.475
999.725
999.975
1000.23
1000.48
1000.73
1000.98
1001.23
1001.48
1001.73
1001.98
1002.23
1002.48
1002.73
1002.98
1003.23
1003.48
1003.73
1003.98
1004.23
1004.48
1004.73
1004.98
1005.23
1005.48
1005.73
1005.98
1006.23
1006.48
1006.73
1006.98
1007.23
1007.48
1007.73
1007.98
1008.23
1008.48
1008.73
1008.98
1009.23
1009.48
1009.73
1009.98
1010.23
1010.48
1010.73
1010.98
1011.23
1011.48
1011.73
1011.98
1012.23
1012.48
1012.73
1012.98
1013.23
1013.48
1013.73
1013.98
1014.23
1014.48
1014.73
1014.98
1015.23
1015.48
1015.73
1015.98
1016.23
1016.48
1016.73
1016.98
1017.23
1017.48
1017.73
1017.98
1018.23
1018.48
1018.73
1018.98
1019.23
1019.48
1019.73
1019.98
1020.23
1020.48
1020.73
1020.98
1021.23
1021.48
1021.73
1021.98
1022.23
1022.48
1022.73
1022.98
1023.23
1023.48
1023.73
1023.98
1024.23
1024.48
1024.73
1024.98
1025.23
1025.48
1025.73
1025.98
1026.23
1026.48
1026.73
1026.98
1027.23
1027.48
1027.73
1027.98
1028.23
1028.48
1028.73
1028.98
1029.23
1029.48
1029.73
1029.98
1030.23
1030.48
1030.73
1030.98
1031.23
1031.48
1031.73
1031.98
1032.23
1032.48
1032.73
1032.98
1033.23
1033.48
1033.73
1033.98
1034.23
1034.48
1034.73
1034.98
1035.23
1035.48
1035.73
1035.98
1036.23
1036.48
1036.73
1036.98
1037.23
1037.48
1037.73
1037.98
1038.23
1038.48
1038.73
1038.98
1039.23
1039.48
1039.73
1039.98
1040.23
1040.48
1040.73
1040.98
1041.23
1041.48
1041.73
1041.98
1042.23
1042.48
1042.73
1042.98
1043.23
1043.48
1043.73
1043.98
1044.23
1044.48
1044.73
1044.98
1045.23
1045.48
1045.73
1045.98
1046.23
1046.48
1046.73
1046.98
1047.23
1047.48
1047.73
1047.98
1048.23
1048.48
1048.73
1048.98
1049.23
1049.48
1049.73
1049.98
1050.23
1050.48
1050.73
1050.98
1051.23
1051.48
1051.73
1051.98
1052.23
1052.48
1052.73
1052.98
1053.23
1053.48
1053.73
1053.98
1054.23
1054.48
1054.73
1054.98
1055.23
1055.48
1055.73
1055.98
1056.23
1056.48
1056.73
1056.98
1057.23
1057.48
1057.73
1057.98
1058.23
1058.48
1058.73
1058.98
1059.23
1059.48
1059.73
1059.98
1060.23
1060.48
1060.73
1060.98
1061.23
1061.48
1061.73
1061.98
1062.23
1062.48
1062.73
1062.98
1063.23
1063.48
1063.73
1063.98
1064.23
1064.48
1064.73
1064.98
1065.23
1065.48
1065.73
1065.98
1066.23
1066.48
1066.73
1066.98
1067.23
1067.48
1067.73
1067.98
1068.23
1068.48
1068.73
1068.98
1069.23
1069.48
1069.73
1069.98
1070.23
1070.48
1070.73
1070.98
1071.23
1071.48
1071.73
1071.98
1072.23
1072.48
1072.73
1072.98
1073.23
1073.48
1073.73
1073.98
1074.23
1074.48
1074.73
1074.98
1075.23
1075.48
1075.73
1075.98
1076.23
1076.48
1076.73
1076.98
1077.23
1077.48
1077.73
1077.98
1078.23
1078.48
1078.73
1078.98
1079.23
1079.48
1079.73
1079.98
1080.23
1080.48
1080.73
1080.98
1081.23
1081.48
1081.73
1081.98
1082.23
1082.48
1082.73
1082.98
1083.23
1083.48
1083.73
1083.98
1084.23
1084.48
1084.73
1084.98
1085.23
1085.48
1085.73
1085.98
1086.23
1086.48
1086.73
1086.98
1087.23
1087.48
1087.73
1087.98
1088.23
1088.48
1088.73
1088.98
1089.23
1089.48
1089.73
1089.98
1090.23
1090.48
1090.73
1090.98
1091.23
1091.48
1091.73
1091.98
1092.23
1092.48
1092.73
1092.98
1093.23
1093.48
1093.73
1093.98
1094.23
1094.48
1094.73
1094.98
1095.23
1095.48
1095.73
1095.98
1096.23
1096.48
1096.73
1096.98
1097.23
1097.48
1097.73
1097.98
1098.23
1098.48
1098.73
1098.98
1099.23
1099.48
1099.73
1099.98
1100.23
1100.48
1100.73
1100.98
1101.23
1101.48
1101.73
1101.98
1102.23
1102.48
1102.73
1102.98
1103.23
1103.48
1103.73
1103.98
1104.23
1104.48
1104.73
1104.98
1105.23
1105.48
1105.73
1105.98
1106.23
1106.48
1106.73
1106.98
1107.23
1107.48
1107.73
1107.98
1108.23
1108.48
1108.73
1108.98
1109.23
1109.48
1109.73
1109.98
1110.23
1110.48
1110.73
1110.98
1111.23
1111.48
1111.73
1111.98
1112.23
1112.48
1112.73
1112.98
1113.23
1113.48
1113.73
1113.98
1114.23
1114.48
1114.73
1114.98
1115.23
1115.48
1115.73
1115.98
1116.23
1116.48
1116.73
1116.98
1117.23
1117.48
1117.73
1117.98
1118.23
1118.48
1118.73
1118.98
1119.23
1119.48
1119.73
1119.98
1120.23
1120.48
1120.73
1120.98
1121.23
1121.48
1121.73
1121.98
1122.23
1122.48
1122.73
1122.98
1123.23
1123.48
1123.73
1123.98
1124.23
1124.48
1124.73
1124.98
1125.23
1125.48
1125.73
1125.98
1126.23
1126.48
1126.73
1126.98
1127.23
1127.48
1127.73
1127.98
1128.23
1128.48
1128.73
1128.98
1129.23
1129.48
1129.73
1129.98
1130.23
1130.48
1130.73
1130.98
1131.23
1131.48
1131.73
1131.98
1132.23
1132.48
1132.73
1132.98
1133.23
1133.48
1133.73
1133.98
1134.23
1134.48
1134.73
1134.98
1135.23
1135.48
1135.73
1135.98
1136.23
1136.48
1136.73
1136.98
1137.23
1137.48
1137.73
1137.98
1138.23
1138.48
1138.73
1138.98
1139.23
1139.48
1139.73
1139.98
1140.23
1140.48
1140.73
1140.98
1141.23
1141.48
1141.73
1141.98
1142.23
1142.48
1142.73
1142.98
1143.23
1143.48
1143.73
1143.98
1144.23
1144.48
1144.73
1144.98
1145.23
1145.48
1145.73
1145.98
1146.23
1146.48
1146.73
1146.98
1147.23
1147.48
1147.73
1147.98
1148.23
1148.48
1148.73
1148.98
1149.23
1149.48
1149.73
1149.98
1150.23
1150.48
1150.73
1150.98
1151.23
1151.48
1151.73
1151.98
1152.23
1152.48
1152.73
1152.98
1153.23
1153.48
1153.73
1153.98
1154.23
1154.48
1154.73
1154.98
1155.23
1155.48
1155.73
1155.98
1156.23
1156.48
1156.73
1156.98
1157.23
1157.48
1157.73
1157.98
1158.23
1158.48
1158.73
1158.98
1159.23
1159.48
1159.73
1159.98
1160.23
1160.48
1160.73
1160.98
1161.23
1161.48
1161.73
1161.98
1162.23
1162.48
1162.73
1162.98
1163.23
1163.48
1163.73
1163.98
1164.23
1164.48
1164.73
1164.98
1165.23
1165.48
1165.73
1165.98
1166.23
1166.48
1166.73
1166.98
1167.23
1167.48
1167.73
1167.98
1168.23
1168.48
1168.73
1168.98
1169.23
1169.48
1169.73
1169.98
1170.23
1170.48
1170.73
1170.98
1171.23
1171.48
1171.73
1171.98
1172.23
1172.48
1172.73
1172.98
1173.23
1173.48
1173.73
1173.98
1174.23
1174.48
1174.73
1174.98
1175.23
1175.48
1175.73
1175.98
1176.23
1176.48
1176.73
1176.98
1177.23
1177.48
1177.73
1177.98
1178.23
1178.48
1178.73
1178.98
1179.23
1179.48
1179.73
1179.98
1180.23
1180.48
1180.73
1180.98
1181.23
1181.48
1181.73
1181.98
1182.23
1182.48
1182.73
1182.98
1183.23
1183.48
1183.73
1183.98
1184.23
1184.48
1184.73
1184.98
1185.23
1185.48
1185.73
1185.98
1186.23
1186.48
1186.73
1186.98
1187.23
1187.48
1187.73
1187.98
1188.23
1188.48
1188.73
1188.98
1189.23
1189.48
1189.73
1189.98
1190.23
1190.48
1190.73
1190.98
1191.23
1191.48
1191.73
1191.98
1192.23
1192.48
1192.73
1192.98
1193.23
1193.48
1193.73
1193.98
1194.23
1194.48
1194.73
1194.98
1195.23
1195.48
1195.73
1195.98
1196.23
1196.48
1196.73
1196.98
1197.23
1197.48
1197.73
1197.98
1198.23
1198.48
1198.73
1198.98
1199.23
1199.48
1199.73
1199.98
1200.23
1200.48
1200.73
1200.98
1201.23
1201.48
1201.73
1201.98
1202.23
1202.48
1202.73
1202.98
1203.23
1203.48
1203.73
1203.98
1204.23
1204.48
1204.73
1204.98
1205.23
1205.48
1205.73
1205.98
1206.23
1206.48
1206.73
1206.98
1207.23
1207.48
1207.73
1207.98
1208.23
1208.48
1208.73
1208.98
1209.23
1209.48
1209.73
1209.98
1210.23
1210.48
1210.73
1210.98
1211.23
1211.48
1211.73
1211.98
1212.23
1212.48
1212.73
1212.98
1213.23
1213.48
1213.73
1213.98
1214.23
1214.48
1214.73
1214.98
1215.23
1215.48
1215.73
1215.98
1216.23
1216.48
1216.73
1216.98
1217.23
1217.48
1217.73
1217.98
1218.23
1218.48
1218.73
1218.98
1219.23
1219.48
1219.73
1219.98
1220.23
1220.48
1220.73
1220.98
1221.23
1221.48
1221.73
1221.98
1222.23
1222.48
1222.73
1222.98
1223.23
1223.48
1223.73
1223.98
1224.23
1224.48
1224.73
1224.98
1225.23
1225.48
1225.73
1225.98
1226.23
1226.48
1226.73
1226.98
1227.23
1227.48
1227.73
1227.98
1228.23
1228.48
1228.73
1228.98
1229.23
1229.48
1229.73
1229.98
1230.23
1230.48
1230.73
1230.98
1231.23
1231.48
1231.73
1231.98
1232.23
1232.48
1232.73
1232.98
1233.23
1233.48
1233.73
1233.98
1234.23
1234.48
1234.73
1234.98
1235.23
1235.48
1235.73
1235.98
1236.23
1236.48
1236.73
1236.98
1237.23
1237.48
1237.73
1237.98
1238.23
1238.48
1238.73
1238.98
1239.23
1239.48
1239.73
1239.98
1240.23
1240.48
1240.73
1240.98
1241.23
1241.48
1241.73
1241.98
1242.23
1242.48
1242.73
1242.98
1243.23
1243.48
1243.73
1243.98
1244.23
1244.48
1244.73
1244.98
1245.23
1245.48
1245.73
1245.98
1246.23
1246.48
1246.73
1246.98
1247.23
1247.48
1247.73
1247.98
1248.23
1248.48
1248.73
1248.98
1249.23
1249.48
1249.73
1249.98
1250.23
1250.48
1250.73
1250.98
1251.23
1251.48
1251.73
1251.98
1252.23
1252.48
1252.73
1252.98
1253.23
1253.48
1253.73
1253.98
1254.23
1254.48
1254.73
1254.98
1255.23
1255.48
1255.73
1255.98
1256.23
1256.48
1256.73
1256.98
1257.23
1257.48
1257.73
1257.98
1258.23
1258.48
1258.73
1258.98
1259.23
1259.48
1259.73
1259.98
1260.23
1260.48
1260.73
1260.98
1261.23
1261.48
1261.73
1261.98
1262.23
1262.48
1262.73
1262.98
1263.23
1263.48
1263.73
1263.98
1264.23
1264.48
1264.73
1264.98
1265.23
1265.48
1265.73
1265.98
1266.23
1266.48
1266.73
1266.98
1267.23
1267.48
1267.73
1267.98
1268.23
1268.48
1268.73
1268.98
1269.23
1269.48
1269.73
1269.98
1270.23
1270.48
1270.73
1270.98
1271.23
1271.48
1271.73
1271.98
1272.23
1272.48
1272.73
1272.98
1273.23
1273.48
1273.73
1273.98
1274.23
1274.48
1274.73
1274.98
1275.23
1275.48
1275.73
1275.98
1276.23
1276.48
1276.73
1276.98
1277.23
1277.48
1277.73
1277.98
1278.23
1278.48
1278.73
1278.98
1279.23
1279.48
1279.73
1279.98
1280.23
1280.48
1280.73
1280.98
1281.23
1281.48
1281.73
1281.98
1282.23
1282.48
1282.73
1282.98
1283.23
1283.48
1283.73
1283.98
1284.23
1284.48
1284.73
1284.98
1285.23
1285.48
1285.73
1285.98
1286.23
1286.48
1286.73
1286.98
1287.23
1287.48
1287.73
1287.98
1288.23
1288.48
1288.73
1288.98
1289.23
1289.48
1289.73
1289.98
1290.23
1290.48
1290.73
1290.98
1291.23
1291.48
1291.73
1291.98
1292.23
1292.48
1292.73
1292.98
1293.23
1293.48
1293.73
1293.98
1294.23
1294.48
1294.73
1294.98
1295.23
1295.48
1295.73
1295.98
1296.23
1296.48
1296.73
1296.98
1297.23
1297.48
1297.73
1297.98
1298.23
1298.48
1298.73
1298.98
1299.23
1299.48
1299.73
1299.98
1300.23
1300.48
1300.73
1300.98
1301.23
1301.48
1301.73
1301.98
1302.23
1302.48
1302.73
1302.98
1303.23
1303.48
1303.73
1303.98
1304.23
1304.48
1304.73
1304.98
1305.23
1305.48
1305.73
1305.98
1306.23
1306.48
1306.73
1306.98
1307.23
1307.48
1307.73
1307.98
1308.23
1308.48
1308.73
1308.98
1309.23
1309.48
1309.73
1309.98
1310.23
1310.48
1310.73
1310.98
1311.23
1311.48
1311.73
1311.98
1312.23
1312.48
1312.73
1312.98
1313.23
1313.48
1313.73
1313.98
1314.23
1314.48
1314.73
1314.98
1315.23
1315.48
1315.73
1315.98
1316.23
1316.48
1316.73
1316.98
1317.23
1317.48
1317.73
1317.98
1318.23
1318.48
1318.73
1318.98
1319.23
1319.48
1319.73
1319.98
1320.23
1320.48
1320.73
1320.98
1321.23
1321.48
1321.73
1321.98
1322.23
1322.48
1322.73
1322.98
1323.23
1323.48
1323.73
1323.98
1324.23
1324.48
1324.73
1324.98
1325.23
1325.48
1325.73
1325.98
1326.23
1326.48
1326.73
1326.98
1327.23
1327.48
1327.73
1327.98
1328.23
1328.48
1328.73
1328.98
1329.23
1329.48
1329.73
1329.98
1330.23
1330.48
1330.73
1330.98
1331.23
1331.48
1331.73
1331.98
1332.23
1332.48
1332.73
1332.98
1333.23
1333.48
1333.73
1333.98
1334.23
1334.48
1334.73
1334.98
1335.23
1335.48
1335.73
1335.98
1336.23
1336.48
1336.73
1336.98
1337.23
1337.48
1337.73
1337.98
1338.23
1338.48
1338.73
1338.98
1339.23
1339.48
1339.73
1339.98
1340.23
1340.48
1340.73
1340.98
1341.23
1341.48
1341.73
1341.98
1342.23
1342.48
1342.73
1342.98
1343.23
1343.48
1343.73
1343.98
1344.23
1344.48
1344.73
1344.98
1345.23
1345.48
1345.73
1345.98
1346.23
1346.48
1346.73
1346.98
1347.23
1347.48
1347.73
1347.98
1348.23
1348.48
1348.73
1348.98
1349.23
1349.48
1349.73
1349.98
1350.23
1350.48
1350.73
1350.98
1351.23
1351.48
1351.73
1351.98
1352.23
1352.48
1352.73
1352.98
1353.23
1353.48
1353.73
1353.98
1354.23
1354.48
1354.73
1354.98
1355.23
1355.48
1355.73
1355.98
1356.23
1356.48
1356.73
1356.98
1357.23
1357.48
1357.73
1357.98
1358.23
1358.48
1358.73
1358.98
1359.23
1359.48
1359.73
1359.98
1360.23
1360.48
1360.73
1360.98
1361.23
1361.48
1361.73
1361.98
1362.23
1362.48
1362.73
1362.98
1363.23
1363.48
1363.73
1363.98
1364.23
1364.48
1364.73
1364.98
1365.23
1365.48
1365.73
1365.98
1366.23
1366.48
1366.73
1366.98
1367.23
1367.48
1367.73
1367.98
1368.23
1368.48
1368.73
1368.98
1369.23
1369.48
1369.73
1369.98
1370.23
1370.48
1370.73
1370.98
1371.23
1371.48
1371.73
1371.98
1372.23
1372.48
1372.73
1372.98
1373.23
1373.48
1373.73
1373.98
1374.23
1374.48
1374.73
1374.98
1375.23
1375.48
1375.73
1375.98
1376.23
1376.48
1376.73
1376.98
1377.23
1377.48
1377.73
1377.98
1378.23
1378.48
1378.73
1378.98
1379.23
1379.48
1379.73
1379.98
1380.23
1380.48
1380.73
1380.98
1381.23
1381.48
1381.73
1381.98
1382.23
1382.48
1382.73
1382.98
1383.23
1383.48
1383.73
1383.98
1384.23
1384.48
1384.73
1384.98
1385.23
1385.48
1385.73
1385.98
1386.23
1386.48
1386.73
1386.98
1387.23
1387.48
1387.73
1387.98
1388.23
1388.48
1388.73
1388.98
1389.23
1389.48
1389.73
1389.98
1390.23
1390.48
1390.73
1390.98
1391.23
1391.48
1391.73
1391.98
1392.23
1392.48
1392.73
1392.98
1393.23
1393.48
1393.73
1393.98
1394.23
1394.48
1394.73
1394.98
1395.23
1395.48
1395.73
1395.98
1396.23
1396.48
1396.73
1396.98
1397.23
1397.48
1397.73
1397.98
1398.23
1398.48
1398.73
1398.98
1399.23
1399.48
1399.73
1399.98
1400.23
1400.48
1400.73
1400.98
1401.23
1401.48
1401.73
1401.98
1402.23
1402.48
1402.73
1402.98
1403.23
1403.48
1403.73
1403.98
1404.23
1404.48
1404.73
1404.98
1405.23
1405.48
1405.73
1405.98
1406.23
1406.48
1406.73
1406.98
1407.23
1407.48
1407.73
1407.98
1408.23
1408.48
1408.73
1408.98
1409.23
1409.48
1409.73
1409.98
1410.23
1410.48
1410.73
1410.98
1411.23
1411.48
1411.73
1411.98
1412.23
1412.48
1412.73
1412.98
1413.23
1413.48
1413.73
1413.98
1414.23
1414.48
1414.73
1414.98
1415.23
1415.48
1415.73
1415.98
1416.23
1416.48
1416.73
1416.98
1417.23
1417.48
1417.73
1417.98
1418.23
1418.48
1418.73
1418.98
1419.23
1419.48
1419.73
1419.98
1420.23
1420.48
1420.73
1420.98
1421.23
1421.48
1421.73
1421.98
1422.23
1422.48
1422.73
1422.98
1423.23
1423.48
1423.73
1423.98
1424.23
1424.48
1424.73
1424.98
1425.23
1425.48
1425.73
1425.98
1426.23
1426.48
1426.73
1426.98
1427.23
1427.48
1427.73
1427.98
1428.23
1428.48
1428.73
1428.98
1429.23
1429.48
1429.73
1429.98
1430.23
1430.48
1430.73
1430.98
1431.23
1431.48
1431.73
1431.98
1432.23
1432.48
1432.73
1432.98
1433.23
1433.48
1433.73
1433.98
1434.23
1434.48
1434.73
1434.98
1435.23
1435.48
1435.73
1435.98
1436.23
1436.48
1436.73
1436.98
1437.23
1437.48
1437.73
1437.98
1438.23
1438.48
1438.73
1438.98
1439.23
1439.48
1439.73
1439.98
1440.23
1440.48
1440.73
1440.98
1441.23
1441.48
1441.73
1441.98
1442.23
1442.48
1442.73
1442.98
1443.23
1443.48
1443.73
1443.98
1444.23
1444.48
1444.73
1444.98
1445.23
1445.48
1445.73
1445.98
1446.23
1446.48
1446.73
1446.98
1447.23
1447.48
1447.73
1447.98
1448.23
1448.48
1448.73
1448.98
1449.23
1449.48
1449.73
1449.98
1450.23
1450.48
1450.73
1450.98
1451.23
1451.48
1451.73
1451.98
1452.23
1452.48
1452.73
1452.98
1453.23
1453.48
1453.73
1453.98
1454.23
1454.48
1454.73
1454.98
1455.23
1455.48
1455.73
1455.98
1456.23
1456.48
1456.73
1456.98
1457.23
1457.48
1457.73
1457.98
1458.23
1458.48
1458.73
1458.98
1459.23
1459.48
1459.73
1459.98
1460.23
1460.48
1460.73
1460.98
1461.23
1461.48
1461.73
1461.98
1462.23
1462.48
1462.73
1462.98
1463.23
1463.48
1463.73
1463.98
1464.23
1464.48
1464.73
1464.98
1465.23
1465.48
1465.73
1465.98
1466.23
1466.48
1466.73
1466.98
1467.23
1467.48
1467.73
1467.98
1468.23
1468.48
1468.73
1468.98
1469.23
1469.48
1469.73
1469.98
1470.23
1470.48
1470.73
1470.98
1471.23
1471.48
1471.73
1471.98
1472.23
1472.48
1472.73
1472.98
1473.23
1473.48
1473.73
1473.98
1474.23
1474.48
1474.73
1474.98
1475.23
1475.48
1475.73
1475.98
1476.23
1476.48
1476.73
1476.98
1477.23
1477.48
1477.73
1477.98
1478.23
1478.48
1478.73
1478.98
1479.23
1479.48
1479.73
1479.98
1480.23
1480.48
1480.73
1480.98
1481.23
1481.48
1481.73
1481.98
1482.23
1482.48
1482.73
1482.98
1483.23
1483.48
1483.73
1483.98
1484.23
1484.48
1484.73
1484.98
1485.23
1485.48
1485.73
1485.98
1486.23
1486.48
1486.73
1486.98
1487.23
1487.48
1487.73
1487.98
1488.23
1488.48
1488.73
1488.98
1489.23
1489.48
1489.73
1489.98
1490.23
1490.48
1490.73
1490.98
1491.23
1491.48
1491.73
1491.98
1492.23
1492.48
1492.73
1492.98
1493.23
1493.48
1493.73
1493.98
1494.23
1494.48
1494.73
1494.98
1495.23
1495.48
1495.73
1495.98
1496.23
1496.48
1496.73
1496.98
1497.23
1497.48
1497.73
1497.98
1498.23
1498.48
1498.73
1498.98
1499.23
1499.48
1499.73
1499.98
1500.23
1500.48
1500.73
1500.98
1501.23
1501.48
1501.73
1501.98
1502.23
1502.48
1502.73
1502.98
1503.23
1503.48
1503.73
1503.98
1504.23
1504.48
1504.73
1504.98
1505.23
1505.48
1505.73
1505.98
1506.23
1506.48
1506.73
1506.98
1507.23
1507.48
1507.73
1507.98
1508.23
1508.48
1508.73
1508.98
1509.23
1509.48
1509.73
1509.98
1510.23
1510.48
1510.73
1510.98
1511.23
1511.48
1511.73
1511.98
1512.23
1512.48
1512.73
1512.98
1513.23
1513.48
1513.73
1513.98
1514.23
1514.48
1514.73
1514.98
1515.23
1515.48
1515.73
1515.98
1516.23
1516.48
1516.73
1516.98
1517.23
1517.48
1517.73
1517.98
1518.23
1518.48
1518.73
1518.98
1519.23
1519.48
1519.73
1519.98
1520.23
1520.48
1520.73
1520.98
1521.23
1521.48
1521.73
1521.98
1522.23
1522.48
1522.73
1522.98
1523.23
1523.48
1523.73
1523.98
1524.23
1524.48
1524.73
1524.98
1525.23
1525.48
1525.73
1525.98
1526.23
1526.48
1526.73
1526.98
1527.23
1527.48
1527.73
1527.98
1528.23
1528.48
1528.73
1528.98
1529.23
1529.48
1529.73
1529.98
1530.23
1530.48
1530.73
1530.98
1531.23
1531.48
1531.73
1531.98
1532.23
1532.48
1532.73
1532.98
1533.23
1533.48
1533.73
1533.98
1534.23
1534.48
1534.73
1534.98
1535.23
1535.48
1535.73
1535.98
1536.23
1536.48
1536.73
1536.98
1537.23
1537.48
1537.73
1537.98
1538.23
1538.48
1538.73
1538.98
1539.23
1539.48
1539.73
1539.98
1540.23
1540.48
1540.73
1540.98
1541.23
1541.48
1541.73
1541.98
1542.23
1542.48
1542.73
1542.98
1543.23
1543.48
1543.73
1543.98
1544.23
1544.48
1544.73
1544.98
1545.23
1545.48
1545.73
1545.98
1546.23
1546.48
1546.73
1546.98
1547.23
1547.48
1547.73
1547.98
1548.23
1548.48
1548.73
1548.98
1549.23
1549.48
1549.73
1549.98
1550.23
1550.48
1550.73
1550.98
1551.23
1551.48
1551.73
1551.98
1552.23
1552.48
1552.73
1552.98
1553.23
1553.48
1553.73
1553.98
1554.23
1554.48
1554.73
1554.98
1555.23
1555.48
1555.73
1555.98
1556.23
1556.48
1556.73
1556.98
1557.23
1557.48
1557.73
1557.98
1558.23
1558.48
1558.73
1558.98
1559.23
1559.48
1559.73
1559.98
1560.23
1560.48
1560.73
1560.98
1561.23
1561.48
1561.73
1561.98
1562.23
1562.48
1562.73
1562.98
1563.23
1563.48
1563.73
1563.98
1564.23
1564.48
1564.73
1564.98
1565.23
1565.48
1565.73
1565.98
1566.23
1566.48
1566.73
1566.98
1567.23
1567.48
1567.73
1567.98
1568.23
1568.48
1568.73
1568.98
1569.23
1569.48
1569.73
1569.98
1570.23
1570.48
1570.73
1570.98
1571.23
1571.48
1571.73
1571.98
1572.23
1572.48
1572.73
1572.98
1573.23
1573.48
1573.73
1573.98
1574.23
1574.48
1574.73
1574.98
1575.23
1575.48
1575.73
1575.98
1576.23
1576.48
1576.73
1576.98
1577.23
1577.48
1577.73
1577.98
1578.23
1578.48
1578.73
1578.98
1579.23
1579.48
1579.73
1579.98
1580.23
1580.48
1580.73
1580.98
1581.23
1581.48
1581.73
1581.98
1582.23
1582.48
1582.73
1582.98
1583.23
1583.48
1583.73
1583.98
1584.23
1584.48
1584.73
1584.98
1585.23
1585.48
1585.73
1585.98
1586.23
1586.48
1586.73
1586.98
1587.23
1587.48
1587.73
1587.98
1588.23
1588.48
1588.73
1588.98
1589.23
1589.48
1589.73
1589.98
1590.23
1590.48
1590.73
1590.98
1591.23
1591.48
1591.73
1591.98
1592.23
1592.48
1592.73
1592.98
1593.23
1593.48
1593.73
1593.98
1594.23
1594.48
1594.73
1594.98
1595.23
1595.48
1595.73
1595.98
1596.23
1596.48
1596.73
1596.98
1597.23
1597.48
1597.73
1597.98
1598.23
1598.48
1598.73
1598.98
1599.23
1599.48
1599.73
1599.98
1600.23
1600.48
1600.73
1600.98
1601.23
1601.48
1601.73
1601.98
1602.23
1602.48
1602.73
1602.98
1603.23
1603.48
1603.73
1603.98
1604.23
1604.48
1604.73
1604.98
1605.23
1605.48
1605.73
1605.98
1606.23
1606.48
1606.73
1606.98
1607.23
1607.48
1607.73
1607.98
1608.23
1608.48
1608.73
1608.98
1609.23
1609.48
1609.73
1609.98
1610.23
1610.48
1610.73
1610.98
1611.23
1611.48
1611.73
1611.98
1612.23
1612.48
1612.73
1612.98
1613.23
1613.48
1613.73
1613.98
1614.23
1614.48
1614.73
1614.98
1615.23
1615.48
1615.73
1615.98
1616.23
1616.48
1616.73
1616.98
1617.23
1617.48
1617.73
1617.98
1618.23
1618.48
1618.73
1618.98
1619.23
1619.48
1619.73
1619.98
1620.23
1620.48
1620.73
1620.98
1621.23
1621.48
1621.73
1621.98
1622.23
1622.48
1622.73
1622.98
1623.23
1623.48
1623.73
1623.98
1624.23
1624.48
1624.73
1624.98
1625.23
1625.48
1625.73
1625.98
1626.23
1626.48
1626.73
1626.98
1627.23
1627.48
1627.73
1627.98
1628.23
1628.48
1628.73
1628.98
1629.23
1629.48
1629.73
1629.98
1630.23
1630.48
1630.73
1630.98
1631.23
1631.48
1631.73
1631.98
1632.23
1632.48
1632.73
1632.98
1633.23
1633.48
1633.73
1633.98
1634.23
1634.48
1634.73
1634.98
1635.23
1635.48
1635.73
1635.98
1636.23
1636.48
1636.73
1636.98
1637.23
1637.48
1637.73
1637.98
1638.23
1638.48
1638.73
1638.98
1639.23
1639.48
1639.73
1639.98
1640.23
1640.48
1640.73
1640.98
1641.23
1641.48
1641.73
1641.98
1642.23
1642.48
1642.73
1642.98
1643.23
1643.48
1643.73
1643.98
1644.23
1644.48
1644.73
1644.98
1645.23
1645.48
1645.73
1645.98
1646.23
1646.48
1646.73
1646.98
1647.23
1647.48
1647.73
1647.98
1648.23
1648.48
1648.73
1648.98
1649.23
1649.48
1649.73
1649.98
1650.23
1650.48
1650.73
1650.98
1651.23
1651.48
1651.73
1651.98
1652.23
1652.48
1652.73
1652.98
1653.23
1653.48
1653.73
1653.98
1654.23
1654.48
1654.73
1654.98
1655.23
1655.48
1655.73
1655.98
1656.23
1656.48
1656.73
1656.98
1657.23
1657.48
1657.73
1657.98
1658.23
1658.48
1658.73
1658.98
1659.23
1659.48
1659.73
1659.98
1660.23
1660.48
1660.73
1660.98
1661.23
1661.48
1661.73
1661.98
1662.23
1662.48
1662.73
1662.98
1663.23
1663.48
1663.73
1663.98
1664.23
1664.48
1664.73
1664.98
1665.23
1665.48
1665.73
1665.98
1666.23
1666.48
1666.73
1666.98
1667.23
1667.48
1667.73
1667.98
1668.23
1668.48
1668.73
1668.98
1669.23
1669.48
1669.73
1669.98
1670.23
1670.48
1670.73
1670.98
1671.23
1671.48
1671.73
1671.98
1672.23
1672.48
1672.73
1672.98
1673.23
1673.48
1673.73
1673.98
1674.23
1674.48
1674.73
1674.98
1675.23
1675.48
1675.73
1675.98
1676.23
1676.48
1676.73
1676.98
1677.23
1677.48
1677.73
1677.98
1678.23
1678.48
1678.73
1678.98
1679.23
1679.48
1679.73
1679.98
1680.23
1680.48
1680.73
1680.98
1681.23
1681.48
1681.73
1681.98
1682.23
1682.48
1682.73
1682.98
1683.23
1683.48
1683.73
1683.98
1684.23
1684.48
1684.73
1684.98
1685.23
1685.48
1685.73
1685.98
1686.23
1686.48
1686.73
1686.98
1687.23
1687.48
1687.73
1687.98
1688.23
1688.48
1688.73
1688.98
1689.23
1689.48
1689.73
1689.98
1690.23
1690.48
1690.73
1690.98
1691.23
1691.48
1691.73
1691.98
1692.23
1692.48
1692.73
1692.98
1693.23
1693.48
1693.73
1693.98
1694.23
1694.48
1694.73
1694.98
1695.23
1695.48
1695.73
1695.98
1696.23
1696.48
1696.73
1696.98
1697.23
1697.48
1697.73
1697.98
1698.23
1698.48
1698.73
1698.98
1699.23
1699.48
1699.73
1699.98
1700.23
1700.48
1700.73
1700.98
1701.23
1701.48
1701.73
1701.98
1702.23
1702.48
1702.73
1702.98
1703.23
1703.48
1703.73
1703.98
1704.23
1704.48
1704.73
1704.98
1705.23
1705.48
1705.73
1705.98
1706.23
1706.48
1706.73
1706.98
1707.23
1707.48
1707.73
1707.98
1708.23
1708.48
1708.73
1708.98
1709.23
1709.48
1709.73
1709.98
1710.23
1710.48
1710.73
1710.98
1711.23
1711.48
1711.73
1711.98
1712.23
1712.48
1712.73
1712.98
1713.23
1713.48
1713.73
1713.98
1714.23
1714.48
1714.73
1714.98
1715.23
1715.48
1715.73
1715.98
1716.23
1716.48
1716.73
1716.98
1717.23
1717.48
1717.73
1717.98
1718.23
1718.48
1718.73
1718.98
1719.23
1719.48
1719.73
1719.98
1720.23
1720.48
1720.73
1720.98
1721.23
1721.48
1721.73
1721.98
1722.23
1722.48
1722.73
1722.98
1723.23
1723.48
1723.73
1723.98
1724.23
1724.48
1724.73
1724.98
1725.23
1725.48
1725.73
1725.98
1726.23
1726.48
1726.73
1726.98
1727.23
1727.48
1727.73
1727.98
1728.23
1728.48
1728.73
1728.98
1729.23
1729.48
1729.73
1729.98
1730.23
1730.48
1730.73
1730.98
1731.23
1731.48
1731.73
1731.98
1732.23
1732.48
1732.73
1732.98
1733.23
1733.48
1733.73
1733.98
1734.23
1734.48
1734.73
1734.98
1735.23
1735.48
1735.73
1735.98
1736.23
1736.48
1736.73
1736.98
1737.23
1737.48
1737.73
1737.98
1738.23
1738.48
1738.73
1738.98
1739.23
1739.48
1739.73
1739.98
1740.23
1740.48
1740.73
1740.98
1741.23
1741.48
1741.73
1741.98
1742.23
1742.48
1742.73
1742.98
1743.23
1743.48
1743.73
1743.98
1744.23
1744.48
1744.73
1744.98
1745.23
1745.48
1745.73
1745.98
1746.23
1746.48
1746.73
1746.98
1747.23
1747.48
1747.73
1747.98
1748.23
1748.48
1748.73
1748.98
1749.23
1749.48
1749.73
1749.98
1750.23
1750.48
1750.73
1750.98
1751.23
1751.48
1751.73
1751.98
1752.23
1752.48
1752.73
1752.98
1753.23
1753.48
1753.73
1753.98
1754.23
1754.48
1754.73
1754.98
1755.23
1755.48
1755.73
1755.98
1756.23
1756.48
1756.73
1756.98
1757.23
1757.48
1757.73
1757.98
1758.23
1758.48
1758.73
1758.98
1759.23
1759.48
1759.73
1759.98
1760.23
1760.48
1760.73
1760.98
1761.23
1761.48
1761.73
1761.98
1762.23
1762.48
1762.73
1762.98
1763.23
1763.48
1763.73
1763.98
1764.23
1764.48
1764.73
1764.98
1765.23
1765.48
1765.73
1765.98
1766.23
1766.48
1766.73
1766.98
1767.23
1767.48
1767.73
1767.98
1768.23
1768.48
1768.73
1768.98
1769.23
1769.48
1769.73
1769.98
1770.23
1770.48
1770.73
1770.98
1771.23
1771.48
1771.73
1771.98
1772.23
1772.48
1772.73
1772.98
1773.23
1773.48
1773.73
1773.98
1774.23
1774.48
1774.73
1774.98
1775.23
1775.48
1775.73
1775.98
1776.23
1776.48
1776.73
1776.98
1777.23
1777.48
1777.73
1777.98
1778.23
1778.48
1778.73
1778.98
1779.23
1779.48
1779.73
1779.98
1780.23
1780.48
1780.73
1780.98
1781.23
1781.48
1781.73
1781.98
1782.23
1782.48
1782.73
1782.98
1783.23
1783.48
1783.73
1783.98
1784.23
1784.48
1784.73
1784.98
1785.23
1785.48
1785.73
1785.98
1786.23
1786.48
1786.73
1786.98
1787.23
1787.48
1787.73
1787.98
1788.23
1788.48
1788.73
1788.98
1789.23
1789.48
1789.73
1789.98
1790.23
1790.48
1790.73
1790.98
1791.23
1791.48
1791.73
1791.98
1792.23
1792.48
1792.73
1792.98
1793.23
1793.48
1793.73
1793.98
1794.23
1794.48
1794.73
1794.98
1795.23
1795.48
1795.73
1795.98
1796.23
1796.48
1796.73
1796.98
1797.23
1797.48
1797.73
1797.98
1798.23
1798.48
1798.73
1798.98
1799.23
1799.48
1799.73
1799.98
1800.23
1800.48
1800.73
1800.98
1801.23
1801.48
1801.73
1801.98
1802.23
1802.48
1802.73
1802.98
1803.23
1803.48
1803.73
1803.98
1804.23
1804.48
1804.73
1804.98
1805.23
1805.48
1805.73
1805.98
1806.23
1806.48
1806.73
1806.98
1807.23
1807.48
1807.73
1807.98
1808.23
1808.48
1808.73
1808.98
1809.23
1809.48
1809.73
1809.98
1810.23
1810.48
1810.73
1810.98
1811.23
1811.48
1811.73
1811.98
1812.23
1812.48
1812.73
1812.98
1813.23
1813.48
1813.73
1813.98
1814.23
1814.48
1814.73
1814.98
1815.23
1815.48
1815.73
1815.98
1816.23
1816.48
1816.73
1816.98
1817.23
1817.48
1817.73
1817.98
1818.23
1818.48
1818.73
1818.98
1819.23
1819.48
1819.73
1819.98
1820.23
1820.48
1820.73
1820.98
1821.23
1821.48
1821.73
1821.98
1822.23
1822.48
1822.73
1822.98
1823.23
1823.48
1823.73
1823.98
1824.23
1824.48
1824.73
1824.98
1825.23
1825.48
1825.73
1825.98
1826.23
1826.48
1826.73
1826.98
1827.23
1827.48
1827.73
1827.98
1828.23
1828.48
1828.73
1828.98
1829.23
1829.48
1829.73
1829.98
1830.23
1830.48
1830.73
1830.98
1831.23
1831.48
1831.73
1831.98
1832.23
1832.48
1832.73
1832.98
1833.23
1833.48
1833.73
1833.98
1834.23
1834.48
1834.73
1834.98
1835.23
1835.48
1835.73
1835.98
1836.23
1836.48
1836.73
1836.98
1837.23
1837.48
1837.73
1837.98
1838.23
1838.48
1838.73
1838.98
1839.23
1839.48
1839.73
1839.98
1840.23
1840.48
1840.73
1840.98
1841.23
1841.48
1841.73
1841.98
1842.23
1842.48
1842.73
1842.98
1843.23
1843.48
1843.73
1843.98
1844.23
1844.48
1844.73
1844.98
1845.23
1845.48
1845.73
1845.98
1846.23
1846.48
1846.73
1846.98
1847.23
1847.48
1847.73
1847.98
1848.23
1848.48
1848.73
1848.98
1849.23
1849.48
1849.73
1849.98
1850.23
1850.48
1850.73
1850.98
1851.23
1851.48
1851.73
1851.98
1852.23
1852.48
1852.73
1852.98
1853.23
1853.48
1853.73
1853.98
1854.23
1854.48
1854.73
1854.98
1855.23
1855.48
1855.73
1855.98
1856.23
1856.48
1856.73
1856.98
1857.23
1857.48
1857.73
1857.98
1858.23
1858.48
1858.73
1858.98
1859.23
1859.48
1859.73
1859.98
1860.23
1860.48
1860.73
1860.98
1861.23
1861.48
1861.73
1861.98
1862.23
1862.48
1862.73
1862.98
1863.23
1863.48
1863.73
1863.98
1864.23
1864.48
1864.73
1864.98
1865.23
1865.48
1865.73
1865.98
1866.23
1866.48
1866.73
1866.98
1867.23
1867.48
1867.73
1867.98
1868.23
1868.48
1868.73
1868.98
1869.23
1869.48
1869.73
1869.98
1870.23
1870.48
1870.73
1870.98
1871.23
1871.48
1871.73
1871.98
1872.23
1872.48
1872.73
1872.98
1873.23
1873.48
1873.73
1873.98
1874.23
1874.48
1874.73
1874.98
1875.23
1875.48
1875.73
1875.98
1876.23
1876.48
1876.73
1876.98
1877.23
1877.48
1877.73
1877.98
1878.23
1878.48
1878.73
1878.98
1879.23
1879.48
1879.73
1879.98
1880.23
1880.48
1880.73
1880.98
1881.23
1881.48
1881.73
1881.98
1882.23
1882.48
1882.73
1882.98
1883.23
1883.48
1883.73
1883.98
1884.23
1884.48
1884.73
1884.98
1885.23
1885.48
1885.73
1885.98
1886.23
1886.48
1886.73
1886.98
1887.23
1887.48
1887.73
1887.98
1888.23
1888.48
1888.73
1888.98
1889.23
1889.48
1889.73
1889.98
1890.23
1890.48
1890.73
1890.98
1891.23
1891.48
1891.73
1891.98
1892.23
1892.48
1892.73
1892.98
1893.23
1893.48
1893.73
1893.98
1894.23
1894.48
1894.73
1894.98
1895.23
1895.48
1895.73
1895.98
1896.23
1896.48
1896.73
1896.98
1897.23
1897.48
1897.73
1897.98
1898.23
1898.48
1898.73
1898.98
1899.23
1899.48
1899.73
1899.98
1900.23
1900.48
1900.73
1900.98
1901.23
1901.48
1901.73
1901.98
1902.23
1902.48
1902.73
1902.98
1903.23
1903.48
1903.73
1903.98
1904.23
1904.48
1904.73
1904.98
1905.23
1905.48
1905.73
1905.98
1906.23
1906.48
1906.73
1906.98
1907.23
1907.48
1907.73
1907.98
1908.23
1908.48
1908.73
1908.98
1909.23
1909.48
1909.73
1909.98
1910.23
1910.48
1910.73
1910.98
1911.23
1911.48
1911.73
1911.98
1912.23
1912.48
1912.73
1912.98
1913.23
1913.48
1913.73
1913.98
1914.23
1914.48
1914.73
1914.98
1915.23
1915.48
1915.73
1915.98
1916.23
1916.48
1916.73
1916.98
1917.23
1917.48
1917.73
1917.98
1918.23
1918.48
1918.73
1918.98
1919.23
1919.48
1919.73
1919.98
1920.23
1920.48
1920.73
1920.98
1921.23
1921.48
1921.73
1921.98
1922.23
1922.48
1922.73
1922.98
1923.23
1923.48
1923.73
1923.98
1924.23
1924.48
1924.73
1924.98
1925.23
1925.48
1925.73
1925.98
1926.23
1926.48
1926.73
1926.98
1927.23
1927.48
1927.73
1927.98
1928.23
1928.48
1928.73
1928.98
1929.23
1929.48
1929.73
1929.98
1930.23
1930.48
1930.73
1930.98
1931.23
1931.48
1931.73
1931.98
1932.23
1932.48
1932.73
1932.98
1933.23
1933.48
1933.73
1933.98
1934.23
1934.48
1934.73
1934.98
1935.23
1935.48
1935.73
1935.98
1936.23
1936.48
1936.73
1936.98
1937.23
1937.48
1937.73
1937.98
1938.23
1938.48
1938.73
1938.98
1939.23
1939.48
1939.73
1939.98
1940.23
1940.48
1940.73
1940.98
1941.23
1941.48
1941.73
1941.98
1942.23
1942.48
1942.73
1942.98
1943.23
1943.48
1943.73
1943.98
1944.23
1944.48
1944.73
1944.98
1945.23
1945.48
1945.73
1945.98
1946.23
1946.48
1946.73
1946.98
1947.23
1947.48
1947.73
1947.98
1948.23
1948.48
1948.73
1948.98
1949.23
1949.48
1949.73
1949.98
1950.23
1950.48
1950.73
1950.98
1951.23
1951.48
1951.73
1951.98
1952.23
1952.48
1952.73
1952.98
1953.23
1953.48
1953.73
1953.98
1954.23
1954.48
1954.73
1954.98
1955.23
1955.48
1955.73
1955.98
1956.23
1956.48
1956.73
1956.98
1957.23
1957.48
1957.73
1957.98
1958.23
1958.48
1958.73
1958.98
1959.23
1959.48
1959.73
1959.98
1960.23
1960.48
1960.73
1960.98
1961.23
1961.48
1961.73
1961.98
1962.23
1962.48
1962.73
1962.98
1963.23
1963.48
1963.73
1963.98
1964.23
1964.48
1964.73
1964.98
1965.23
1965.48
1965.73
1965.98
1966.23
1966.48
1966.73
1966.98
1967.23
1967.48
1967.73
1967.98
1968.23
1968.48
1968.73
1968.98
1969.23
1969.48
1969.73
1969.98
1970.23
1970.48
1970.73
1970.98
1971.23
1971.48
1971.73
1971.98
1972.23
1972.48
1972.73
1972.98
1973.23
1973.48
1973.73
1973.98
1974.23
1974.48
1974.73
1974.98
1975.23
1975.48
1975.73
1975.98
1976.23
1976.48
1976.73
1976.98
1977.23
1977.48
1977.73
1977.98
1978.23
1978.48
1978.73
1978.98
1979.23
1979.48
1979.73
1979.98
1980.23
1980.48
1980.73
1980.98
1981.23
1981.48
1981.73
1981.98
1982.23
1982.48
1982.73
1982.98
1983.23
1983.48
1983.73
1983.98
1984.23
1984.48
1984.73
1984.98
1985.23
1985.48
1985.73
1985.98
1986.23
1986.48
1986.73
1986.98
1987.23
1987.48
1987.73
1987.98
1988.23
1988.48
1988.73
1988.98
1989.23
1989.48
1989.73
1989.98
1990.23
1990.48
1990.73
1990.98
1991.23
1991.48
1991.73
1991.98
1992.23
1992.48
1992.73
1992.98
1993.23
1993.48
1993.73
1993.98
1994.23
1994.48
1994.73
1994.98
1995.23
1995.48
1995.73
1995.98
1996.23
1996.48
1996.73
1996.98
1997.23
1997.48
1997.73
1997.98
1998.23
1998.48
1998.73
1998.98
1999.23
1999.48
1999.73
1999.98
2000.23
2000.48
2000.73
2000.98
2001.23
2001.48
2001.73
2001.98
2002.23
2002.48
2002.73
2002.98
2003.23
2003.48
2003.73
2003.98
2004.23
2004.48
2004.73
2004.98
2005.23
2005.48
2005.73
2005.98
2006.23
2006.48
2006.73
2006.98
2007.23
2007.48
2007.73
2007.98
2008.23
2008.48
2008.73
2008.98
2009.23
2009.48
2009.73
2009.98
2010.23
2010.48
2010.73
2010.98
2011.23
2011.48
2011.73
2011.98
2012.23
2012.48
2012.73
2012.98
2013.23
2013.48
2013.73
2013.98
2014.23
2014.48
2014.73
2014.98
2015.23
2015.48
2015.73
2015.98
2016.23
2016.48
2016.73
2016.98
2017.23
2017.48
2017.73
2017.98
2018.23
2018.48
2018.73
2018.98
2019.23
2019.48
2019.73
2019.98
2020.23
2020.48
2020.73
2020.98
2021.23
2021.48
2021.73
2021.98
2022.23
2022.48
2022.73
2022.98
2023.23
2023.48
2023.73
2023.98
2024.23
2024.48
2024.73
2024.98
2025.23
2025.48
2025.73
2025.98
2026.23
2026.48
2026.73
2026.98
2027.23
2027.48
2027.73
2027.98
2028.23
2028.48
2028.73
2028.98
2029.23
2029.48
2029.73
2029.98
2030.23
2030.48
2030.73
2030.98
2031.23
2031.48
2031.73
2031.98
2032.23
2032.48
2032.73
2032.98
2033.23
2033.48
2033.73
2033.98
2034.23
2034.48
2034.73
2034.98
2035.23
2035.48
2035.73
2035.98
2036.23
2036.48
2036.73
2036.98
2037.23
2037.48
2037.73
2037.98
2038.23
2038.48
2038.73
2038.98
2039.23
2039.48
2039.73
2039.98
2040.23
2040.48
2040.73
2040.98
2041.23
2041.48
2041.73
2041.98
2042.23
2042.48
2042.73
2042.98
2043.23
2043.48
2043.73
2043.98
2044.23
2044.48
2044.73
2044.98
2045.23
2045.48
2045.73
2045.98
2046.23
2046.48
2046.73
2046.98
2047.23
2047.48
2047.73
2047.98
2048.23
2048.48
2048.73
2048.98
2049.23
2049.48
2049.73
2049.98
2050.23
2050.48
2050.73
2050.98
2051.23
2051.48
2051.73
2051.98
2052.23
2052.48
2052.73
2052.98
2053.23
2053.48
2053.73
2053.98
2054.23
2054.48
2054.73
2054.98
2055.23
2055.48
2055.73
2055.98
2056.23
2056.48
2056.73
2056.98
2057.23
2057.48
2057.73
2057.98
2058.23
2058.48
2058.73
2058.98
2059.23
2059.48
2059.73
2059.98
2060.23
2060.48
2060.73
2060.98
2061.23
2061.48
2061.73
2061.98
2062.23
2062.48
2062.73
2062.98
2063.23
2063.48
2063.73
2063.98
2064.23
2064.48
2064.73
2064.98
2065.23
2065.48
2065.73
2065.98
2066.23
2066.48
2066.73
2066.98
2067.23
2067.48
2067.73
2067.98
2068.23
2068.48
2068.73
2068.98
2069.23
2069.48
2069.73
2069.98
2070.23
2070.48
2070.73
2070.98
2071.23
2071.48
2071.73
2071.98
2072.23
2072.48
2072.73
2072.98
2073.23
2073.48
2073.73
2073.98
2074.23
2074.48
2074.73
2074.98
2075.23
2075.48
2075.73
2075.98
2076.23
2076.48
2076.73
2076.98
2077.23
2077.48
2077.73
2077.98
2078.23
2078.48
2078.73
2078.98
2079.23
2079.48
2079.73
2079.98
2080.23
2080.48
2080.73
2080.98
2081.23
2081.48
2081.73
2081.98
2082.23
2082.48
2082.73
2082.98
2083.23
2083.48
2083.73
2083.98
2084.23
2084.48
2084.73
2084.98
2085.23
2085.48
2085.73
2085.98
2086.23
2086.48
2086.73
2086.98
2087.23
2087.48
2087.73
2087.98
2088.23
2088.48
2088.73
2088.98
2089.23
2089.48
2089.73
2089.98
2090.23
2090.48
2090.73
2090.98
2091.23
2091.48
2091.73
2091.98
2092.23
2092.48
2092.73
2092.98
2093.23
2093.48
2093.73
2093.98
2094.23
2094.48
2094.73
2094.98
2095.23
2095.48
2095.73
2095.98
2096.23
2096.48
2096.73
2096.98
2097.23
2097.48
2097.73
2097.98
2098.23
2098.48
2098.73
2098.98
2099.23
2099.48
2099.73
2099.98
2100.23
2100.48
2100.73
2100.98
2101.23
2101.48
2101.73
2101.98
2102.23
2102.48
2102.73
2102.98
2103.23
2103.48
2103.73
2103.98
2104.23
2104.48
2104.73
2104.98
2105.23
2105.48
2105.73
2105.98
2106.23
2106.48
2106.73
2106.98
2107.23
2107.48
2107.73
2107.98
2108.23
2108.48
2108.73
2108.98
2109.23
2109.48
2109.73
2109.98
2110.23
2110.48
2110.73
2110.98
2111.23
2111.48
2111.73
2111.98
2112.23
2112.48
2112.73
2112.98
2113.23
2113.48
2113.73
2113.98
2114.23
2114.48
2114.73
2114.98
2115.23
2115.48
2115.73
2115.98
2116.23
2116.48
2116.73
2116.98
2117.23
2117.48
2117.73
2117.98
2118.23
2118.48
2118.73
2118.98
2119.23
2119.48
2119.73
2119.98
2120.23
2120.48
2120.73
2120.98
2121.23
2121.48
2121.73
2121.98
2122.23
2122.48
2122.73
2122.98
2123.23
2123.48
2123.73
2123.98
2124.23
2124.48
2124.73
2124.98
2125.23
2125.48
2125.73
2125.98
2126.23
2126.48
2126.73
2126.98
2127.23
2127.48
2127.73
2127.98
2128.23
2128.48
2128.73
2128.98
2129.23
2129.48
2129.73
2129.98
2130.23
2130.48
2130.73
2130.98
2131.23
2131.48
2131.73
2131.98
2132.23
2132.48
2132.73
2132.98
2133.23
2133.48
2133.73
2133.98
2134.23
2134.48
2134.73
2134.98
2135.23
2135.48
2135.73
2135.98
2136.23
2136.48
2136.73
2136.98
2137.23
2137.48
2137.73
2137.98
2138.23
2138.48
2138.73
2138.98
2139.23
2139.48
2139.73
2139.98
2140.23
2140.48
2140.73
2140.98
2141.23
2141.48
2141.73
2141.98
2142.23
2142.48
2142.73
2142.98
2143.23
2143.48
2143.73
2143.98
2144.23
2144.48
2144.73
2144.98
2145.23
2145.48
2145.73
2145.98
2146.23
2146.48
2146.73
2146.98
2147.23
2147.48
2147.73
2147.98
2148.23
2148.48
2148.73
2148.98
2149.23
2149.48
2149.73
2149.98
2150.23
2150.48
2150.73
2150.98
2151.23
2151.48
2151.73
2151.98
2152.23
2152.48
2152.73
2152.98
2153.23
2153.48
2153.73
2153.98
2154.23
2154.48
2154.73
2154.98
2155.23
2155.48
2155.73
2155.98
2156.23
2156.48
2156.73
2156.98
2157.23
2157.48
2157.73
2157.98
2158.23
2158.48
2158.73
2158.98
2159.23
2159.48
2159.73
2159.98
2160.23
2160.48
2160.73
2160.98
2161.23
2161.48
2161.73
2161.98
2162.23
2162.48
2162.73
2162.98
2163.23
2163.48
2163.73
2163.98
2164.23
2164.48
2164.73
2164.98
2165.23
2165.48
2165.73
2165.98
2166.23
2166.48
2166.73
2166.98
2167.23
2167.48
2167.73
2167.98
2168.23
2168.48
2168.73
2168.98
2169.23
2169.48
2169.73
2169.98
2170.23
2170.48
2170.73
2170.98
2171.23
2171.48
2171.73
2171.98
2172.23
2172.48
2172.73
2172.98
2173.23
2173.48
2173.73
2173.98
2174.23
2174.48
2174.73
2174.98
2175.23
2175.48
2175.73
2175.98
2176.23
2176.48
2176.73
2176.98
2177.23
2177.48
2177.73
2177.98
2178.23
2178.48
2178.73
2178.98
2179.23
2179.48
2179.73
2179.98
2180.23
2180.48
2180.73
2180.98
2181.23
2181.48
2181.73
2181.98
2182.23
2182.48
2182.73
2182.98
2183.23
2183.48
2183.73
2183.98
2184.23
2184.48
2184.73
2184.98
2185.23
2185.48
2185.73
2185.98
2186.23
2186.48
2186.73
2186.98
2187.23
2187.48
2187.73
2187.98
2188.23
2188.48
2188.73
2188.98
2189.23
2189.48
2189.73
2189.98
2190.23
2190.48
2190.73
2190.98
2191.23
2191.48
2191.73
2191.98
2192.23
2192.48
2192.73
2192.98
2193.23
2193.48
2193.73
2193.98
2194.23
2194.48
2194.73
2194.98
2195.23
2195.48
2195.73
2195.98
2196.23
2196.48
2196.73
2196.98
2197.23
2197.48
2197.73
2197.98
2198.23
2198.48
2198.73
2198.98
2199.23
2199.48
2199.73
2199.98
2200.23
2200.48
2200.73
2200.98
2201.23
2201.48
2201.73
2201.98
2202.23
2202.48
2202.73
2202.98
2203.23
2203.48
2203.73
2203.98
2204.23
2204.48
2204.73
2204.98
2205.23
2205.48
2205.73
2205.98
2206.23
2206.48
2206.73
2206.98
2207.23
2207.48
2207.73
2207.98
2208.23
2208.48
2208.73
2208.98
2209.23
2209.48
2209.73
2209.98
2210.23
2210.48
2210.73
2210.98
2211.23
2211.48
2211.73
2211.98
2212.23
2212.48
2212.73
2212.98
2213.23
2213.48
2213.73
2213.98
2214.23
2214.48
2214.73
2214.98
2215.23
2215.48
2215.73
2215.98
2216.23
2216.48
2216.73
2216.98
2217.23
2217.48
2217.73
2217.98
2218.23
2218.48
2218.73
2218.98
2219.23
2219.48
2219.73
2219.98
2220.23
2220.48
2220.73
2220.98
2221.23
2221.48
2221.73
2221.98
2222.23
2222.48
2222.73
2222.98
2223.23
2223.48
2223.73
2223.98
2224.23
2224.48
2224.73
2224.98
2225.23
2225.48
2225.73
2225.98
2226.23
2226.48
2226.73
2226.98
2227.23
2227.48
2227.73
2227.98
2228.23
2228.48
2228.73
2228.98
2229.23
2229.48
2229.73
2229.98
2230.23
2230.48
2230.73
2230.98
2231.23
2231.48
2231.73
2231.98
2232.23
2232.48
2232.73
2232.98
2233.23
2233.48
2233.73
2233.98
2234.23
2234.48
2234.73
2234.98
2235.23
2235.48
2235.73
2235.98
2236.23
2236.48
2236.73
2236.98
2237.23
2237.48
2237.73
2237.98
2238.23
2238.48
2238.73
2238.98
2239.23
2239.48
2239.73
2239.98
2240.23
2240.48
2240.73
2240.98
2241.23
2241.48
2241.73
2241.98
2242.23
2242.48
2242.73
2242.98
2243.23
2243.48
2243.73
2243.98
2244.23
2244.48
2244.73
2244.98
2245.23
2245.48
2245.73
2245.98
2246.23
2246.48
2246.73
2246.98
2247.23
2247.48
2247.73
2247.98
2248.23
2248.48
2248.73
2248.98
2249.23
2249.48
2249.73
2249.98
2250.23
2250.48
2250.73
2250.98
2251.23
2251.48
2251.73
2251.98
2252.23
2252.48
2252.73
2252.98
2253.23
2253.48
2253.73
2253.98
2254.23
2254.48
2254.73
2254.98
2255.23
2255.48
2255.73
2255.98
2256.23
2256.48
2256.73
2256.98
2257.23
2257.48
2257.73
2257.98
2258.23
2258.48
2258.73
2258.98
2259.23
2259.48
2259.73
2259.98
2260.23
2260.48
2260.73
2260.98
2261.23
2261.48
2261.73
2261.98
2262.23
2262.48
2262.73
2262.98
2263.23
2263.48
2263.73
2263.98
2264.23
2264.48
2264.73
2264.98
2265.23
2265.48
2265.73
2265.98
2266.23
2266.48
2266.73
2266.98
2267.23
2267.48
2267.73
2267.98
2268.23
2268.48
2268.73
2268.98
2269.23
2269.48
2269.73
2269.98
2270.23
2270.48
2270.73
2270.98
2271.23
2271.48
2271.73
2271.98
2272.23
2272.48
2272.73
2272.98
2273.23
2273.48
2273.73
2273.98
2274.23
2274.48
2274.73
2274.98
2275.23
2275.48
2275.73
2275.98
2276.23
2276.48
2276.73
2276.98
2277.23
2277.48
2277.73
2277.98
2278.23
2278.48
2278.73
2278.98
2279.23
2279.48
2279.73
2279.98
2280.23
2280.48
2280.73
2280.98
2281.23
2281.48
2281.73
2281.98
2282.23
2282.48
2282.73
2282.98
2283.23
2283.48
2283.73
2283.98
2284.23
2284.48
2284.73
2284.98
2285.23
2285.48
2285.73
2285.98
2286.23
2286.48
2286.73
2286.98
2287.23
2287.48
2287.73
2287.98
2288.23
2288.48
2288.73
2288.98
2289.23
2289.48
2289.73
2289.98
2290.23
2290.48
2290.73
2290.98
2291.23
2291.48
2291.73
2291.98
2292.23
2292.48
2292.73
2292.98
2293.23
2293.48
2293.73
2293.98
2294.23
2294.48
2294.73
2294.98
2295.23
2295.48
2295.73
2295.98
2296.23
2296.48
2296.73
2296.98
2297.23
2297.48
2297.73
2297.98
2298.23
2298.48
2298.73
2298.98
2299.23
2299.48
2299.73
2299.98
2300.23
2300.48
2300.73
2300.98
2301.23
2301.48
2301.73
2301.98
2302.23
2302.48
2302.73
2302.98
2303.23
2303.48
2303.73
2303.98
2304.23
2304.48
2304.73
2304.98
2305.23
2305.48
2305.73
2305.98
2306.23
2306.48
2306.73
2306.98
2307.23
2307.48
2307.73
2307.98
2308.23
2308.48
2308.73
2308.98
2309.23
2309.48
2309.73
2309.98
2310.23
2310.48
2310.73
2310.98
2311.23
2311.48
2311.73
2311.98
2312.23
2312.48
2312.73
2312.98
2313.23
2313.48
2313.73
2313.98
2314.23
2314.48
2314.73
2314.98
2315.23
2315.48
2315.73
2315.98
2316.23
2316.48
2316.73
2316.98
2317.23
2317.48
2317.73
2317.98
2318.23
2318.48
2318.73
2318.98
2319.23
2319.48
2319.73
2319.98
2320.23
2320.48
2320.73
2320.98
2321.23
2321.48
2321.73
2321.98
2322.23
2322.48
2322.73
2322.98
2323.23
2323.48
2323.73
2323.98
2324.23
2324.48
2324.73
2324.98
2325.23
2325.48
2325.73
2325.98
2326.23
2326.48
2326.73
2326.98
2327.23
2327.48
2327.73
2327.98
2328.23
2328.48
2328.73
2328.98
2329.23
2329.48
2329.73
2329.98
2330.23
2330.48
2330.73
2330.98
2331.23
2331.48
2331.73
2331.98
2332.23
2332.48
2332.73
2332.98
2333.23
2333.48
2333.73
2333.98
2334.23
2334.48
2334.73
2334.98
2335.23
2335.48
2335.73
2335.98
2336.23
2336.48
2336.73
2336.98
2337.23
2337.48
2337.73
2337.98
2338.23
2338.48
2338.73
2338.98
2339.23
2339.48
2339.73
2339.98
2340.23
2340.48
2340.73
2340.98
2341.23
2341.48
2341.73
2341.98
2342.23
2342.48
2342.73
2342.98
2343.23
2343.48
2343.73
2343.98
2344.23
2344.48
2344.73
2344.98
2345.23
2345.48
2345.73
2345.98
2346.23
2346.48
2346.73
2346.98
2347.23
2347.48
2347.73
2347.98
2348.23
2348.48
2348.73
2348.98
2349.23
2349.48
2349.73
2349.98
2350.23
2350.48
2350.73
2350.98
2351.23
2351.48
2351.73
2351.98
2352.23
2352.48
2352.73
2352.98
2353.23
2353.48
2353.73
2353.98
2354.23
2354.48
2354.73
2354.98
2355.23
2355.48
2355.73
2355.98
2356.23
2356.48
2356.73
2356.98
2357.23
2357.48
2357.73
2357.98
2358.23
2358.48
2358.73
2358.98
2359.23
2359.48
2359.73
2359.98
2360.23
2360.48
2360.73
2360.98
2361.23
2361.48
2361.73
2361.98
2362.23
2362.48
2362.73
2362.98
2363.23
2363.48
2363.73
2363.98
2364.23
2364.48
2364.73
2364.98
2365.23
2365.48
2365.73
2365.98
2366.23
2366.48
2366.73
2366.98
2367.23
2367.48
2367.73
2367.98
2368.23
2368.48
2368.73
2368.98
2369.23
2369.48
2369.73
2369.98
2370.23
2370.48
2370.73
2370.98
2371.23
2371.48
2371.73
2371.98
2372.23
2372.48
2372.73
2372.98
2373.23
2373.48
2373.73
2373.98
2374.23
2374.48
2374.73
2374.98
2375.23
2375.48
2375.73
2375.98
2376.23
2376.48
2376.73
2376.98
2377.23
2377.48
2377.73
2377.98
2378.23
2378.48
2378.73
2378.98
2379.23
2379.48
2379.73
2379.98
2380.23
2380.48
2380.73
2380.98
2381.23
2381.48
2381.73
2381.98
2382.23
2382.48
2382.73
2382.98
2383.23
2383.48
2383.73
2383.98
2384.23
2384.48
2384.73
2384.98
2385.23
2385.48
2385.73
2385.98
2386.23
2386.48
2386.73
2386.98
2387.23
2387.48
2387.73
2387.98
2388.23
2388.48
2388.73
2388.98
2389.23
2389.48
2389.73
2389.98
2390.23
2390.48
2390.73
2390.98
2391.23
2391.48
2391.73
2391.98
2392.23
2392.48
2392.73
2392.98
2393.23
2393.48
2393.73
2393.98
2394.23
2394.48
2394.73
2394.98
2395.23
2395.48
2395.73
2395.98
2396.23
2396.48
2396.73
2396.98
2397.23
2397.48
2397.73
2397.98
2398.23
2398.48
2398.73
2398.98
2399.23
2399.48
2399.73
2399.98
2400.23
2400.48
2400.73
2400.98
2401.23
2401.48
2401.73
2401.98
2402.23
2402.48
2402.73
2402.98
2403.23
2403.48
2403.73
2403.98
2404.23
2404.48
2404.73
2404.98
2405.23
2405.48
2405.73
2405.98
2406.23
2406.48
2406.73
2406.98
2407.23
2407.48
2407.73
2407.98
2408.23
2408.48
2408.73
2408.98
2409.23
2409.5
2409.75
2410
2410.25
2410.5
2410.75
2411
2411.25
2411.5
2411.75
2412
2412.25
2412.5
2412.75
2413
2413.25
2413.5
2413.75
2414
2414.25
2414.5
2414.75
2415
2415.25
2415.5
2415.75
2416
2416.25
2416.5
2416.75
2417
2417.25
2417.5
2417.75
2418
2418.25
2418.5
2418.75
2419
2419.25
2419.5
2419.75
2420
2420.25
2420.5
2420.75
2421
2421.25
2421.5
2421.75
2422
2422.25
2422.5
2422.75
2423
2423.25
2423.5
2423.75
2424
2424.25
2424.5
2424.75
2425
2425.25
2425.5
2425.75
2426
2426.25
2426.5
2426.75
2427
2427.25
2427.5
2427.75
2428
2428.25
2428.5
2428.75
2429
2429.25
2429.5
2429.75
2430
2430.25
2430.5
2430.75
2431
2431.25
2431.5
2431.75
2432
2432.25
2432.5
2432.75
2433
2433.25
2433.5
2433.75
2434
2434.25
2434.5
2434.75
2435
2435.25
2435.5
2435.75
2436
2436.25
2436.5
2436.75
2437
2437.25
2437.5
2437.75
2438
2438.25
2438.5
2438.75
2439
2439.25
2439.5
2439.75
2440
2440.25
2440.5
2440.75
2441
2441.25
2441.5
2441.75
2442
2442.25
2442.5
2442.75
2443
2443.25
2443.5
2443.75
2444
2444.25
2444.5
2444.75
2445
2445.25
2445.5
2445.75
2446
2446.25
2446.5
2446.75
2447
2447.25
2447.5
2447.75
2448
2448.25
2448.5
2448.75
2449
2449.25
2449.5
2449.75
2450
2450.25
2450.5
2450.75
2451
2451.25
2451.5
2451.75
2452
2452.25
2452.5
2452.75
2453
2453.25
2453.5
2453.75
2454
2454.25
2454.5
2454.75
2455
2455.25
2455.5
2455.75
2456
2456.25
2456.5
2456.75
2457
2457.25
2457.5
2457.75
2458
2458.25
2458.5
2458.75
2459
2459.25
2459.5
2459.75
2460
2460.25
2460.5
2460.75
2461
2461.25
2461.5
2461.75
2462
2462.25
2462.5
2462.75
2463
2463.25
2463.5
2463.75
2464
2464.25
2464.5
2464.75
2465
2465.25
2465.5
2465.75
2466
2466.25
2466.5
2466.75
2467
2467.25
2467.5
2467.75
2468
2468.25
2468.5
2468.75
2469
2469.25
2469.5
2469.75
2470
2470.25
2470.5
2470.75
2471
2471.25
2471.5
2471.75
2472
2472.25
2472.5
2472.75
2473
2473.25
2473.5
2473.75
2474
2474.25
2474.5
2474.75
2475
2475.25
2475.5
2475.75
2476
2476.25
2476.5
2476.75
2477
2477.25
2477.5
2477.75
2478
2478.25
2478.5
2478.75
2479
2479.25
2479.5
2479.75
2480
2480.25
2480.5
2480.75
2481
2481.25
2481.5
2481.75
2482
2482.25
2482.5
2482.75
2483
2483.25
2483.5
2483.75
2484
2484.25
2484.5
2484.75
2485
2485.25
2485.5
2485.75
2486
2486.25
2486.5
2486.75
2487
2487.25
2487.5
2487.75
2488
2488.25
2488.5
2488.75
2489
2489.25
2489.5
2489.75
2490
2490.25
2490.5
2490.75
2491
2491.25
2491.5
2491.75
2492
2492.25
2492.5
2492.75
2493
2493.25
2493.5
2493.75
2494
2494.25
2494.5
2494.75
2495
2495.25
2495.5
2495.75
2496
2496.25
2496.5
2496.75
2497
2497.25
2497.5
2497.75
2498
2498.25
2498.5
2498.75
2499
2499.25
2499.5
2499.75

