-65
-64.2996
-63.3126
-62.3006
-61.2599
-60.1718
-59.0159
-57.7705
-56.412
-54.914
-53.2437
-51.353
-49.1498
-46.3989
-42.2711
-30.9364
34.706
33.6575
20.8555
7.43464
-5.45765
-19.305
-35.1768
-50.9237
-60.19
-64.6976
-67.0083
-68.3187
-69.1664
-69.7992
-70.3344
-70.8281
-71.3064
-71.7802
-72.2524
-72.7217
-73.1847
-73.637
-74.0742
-74.4921
-74.8872
-75.2567
-75.599
-75.9128
-76.1981
-76.4553
-76.6854
-76.8897
-77.0701
-77.2284
-77.3665
-77.4865
-77.5902
-77.6795
-77.756
-77.8214
-77.877
-77.9242
-77.964
-77.9974
-78.0254
-78.0487
-78.0678
-78.0836
-78.0963
-78.1064
-78.1144
-78.1204
-78.1248
-78.1278
-78.1296
-78.1303
-78.1301
-78.1291
-78.1275
-78.1252
-78.1224
-78.1192
-78.1156
-78.1116
-78.1073
-78.1027
-78.0979
-78.0929
-78.0878
-78.0824
-78.0769
-78.0713
-78.0656
-78.0597
-78.0538
-78.0478
-78.0418
-78.0357
-78.0295
-78.0233
-78.0171
-78.0108
-78.0045
-77.9981
-77.9918
-77.9854
-77.979
-77.9726
-77.9662
-77.9598
-77.9534
-77.947
-77.9406
-77.9341
-77.9277
-77.9213
-77.9149
-77.9085
-77.9021
-77.8957
-77.8893
-77.883
-77.8766
-77.8703
-77.8639
-77.8576
-77.8513
-77.845
-77.8387
-77.8324
-77.8262
-77.8199
-77.8137
-77.8075
-77.8013
-77.7951
-77.7889
-77.7828
-77.7766
-77.7705
-77.7644
-77.7583
-77.7522
-77.7462
-77.7401
-77.7341
-77.7281
-77.7221
-77.7162
-77.7102
-77.7043
-77.6984
-77.6925
-77.6866
-77.6807
-77.6749
-77.669
-77.6632
-77.6574
-77.6517
-77.6459
-77.6402
-77.6345
-77.6287
-77.6231
-77.6174
-77.6118
-77.6061
-77.6005
-77.5949
-77.5894
-77.5838
-77.5783
-77.5728
-77.5673
-77.5618
-77.5563
-77.5509
-77.5455
-77.54
-77.5347
-77.5293
-77.5239
-77.5186
-77.5133
-77.508
-77.5027
-77.4975
-77.4922
-77.487
-77.4818
-77.4766
-77.4715
-77.4663
-77.4612
-77.4561
-77.451
-77.4459
-77.4409
-77.4358
-77.4308
-77.4258
-77.4208
-77.4159
-77.4109
-77.406
-77.4011
-77.3962
-77.3913
-77.3865
-77.3816
-77.3768
-77.372
-77.3672
-77.3625
-77.3577
-77.353
-77.3483
-77.3436
-77.3389
-77.3342
-77.3296
-77.325
-77.3203
-77.3158
-77.3112
-77.3066
-77.3021
-77.2976
-77.2931
-77.2886
-77.2841
-77.2796
-77.2752
-77.2708
-77.2664
-77.262
-77.2576
-77.2533
-77.2489
-77.2446
-77.2403
-77.236
-77.2318
-77.2275
-77.2233
-77.219
-77.2148
-77.2106
-77.2065
-77.2023
-77.1982
-77.194
-77.1899
-77.1858
-77.1818
-77.1777
-77.1737
-77.1696
-77.1656
-77.1616
-77.1576
-77.1537
-77.1497
-77.1458
-77.1418
-77.1379
-77.134
-77.1302
-77.1263
-77.1225
-77.1186
-77.1148
-77.111
-77.1072
-77.1035
-77.0997
-77.096
-77.0922
-77.0885
-77.0848
-77.0811
-77.0774
-77.0738
-77.0701
-77.0665
-77.0629
-77.0593
-77.0557
-77.0521
-77.0486
-77.045
-77.0415
-77.038
-77.0345
-77.031
-77.0275
-77.0241
-77.0206
-77.0172
-77.0138
-77.0103
-77.0069
-77.0036
-77.0002
-76.9968
-76.9935
-76.9902
-76.9868
-76.9835
-76.9802
-76.977
-76.9737
-76.9704
-76.9672
-76.964
-76.9608
-76.9575
-76.9544
-76.9512
-76.948
-76.9449
-76.9417
-76.9386
-76.9355
-76.9323
-76.9293
-76.9262
-76.9231
-76.92
-76.917
-76.914
-76.9109
-76.9079
-76.9049
-76.9019
-76.8989
-76.896
-76.893
-76.8901
-76.8871
-76.8842
-76.8813
-76.8784
-76.8755
-76.8726
-76.8698
-76.8669
-76.8641
-76.8612
-76.8584
-76.8556
-76.8528
-76.85
-76.8472
-76.8444
-76.8417
-76.8389
-76.8362
-76.8335
-76.8307
-76.828
-76.8253
-76.8226
-76.82
-76.8173
-76.8146
-76.812
-76.8093
-76.8067
-76.8041
-76.8015
-76.7989
-76.7963
-76.7937
-76.7911
-76.7886
-76.786
-76.7835
-76.7809
-76.7784
-76.7759
-76.7734
-76.7709
-76.7684
-76.7659
-76.7634
-76.761
-76.7585
-76.7561
-76.7536
-76.7512
-76.7488
-76.7464
-76.744
-76.7416
-76.7392
-76.7368
-76.7345
-76.7321
-76.7298
-76.7274
-76.7251
-76.7228
-76.7204
-76.7181
-76.7158
-76.7136
-76.7113
-76.709
-76.7067
-76.7045
-76.7022
-76.7
-76.6977
-76.6955
-76.6933
-76.6911
-76.6889
-76.6867
-76.6845
-76.6823
-76.6801
-76.678
-76.6758
-76.6737
-76.6715
-76.6694
-76.6673
-76.6651
-76.663
-76.6609
-76.6588
-76.6567
-76.6546
-76.6526
-76.6505
-76.6484
-76.6464
-76.6443
-76.6423
-76.6402
-76.6382
-76.6362
-76.6342
-76.6322
-76.6302
-76.6282
-76.6262
-76.6242
-76.6222
-76.6203
-76.6183
-76.6163
-76.6144
-76.6124
-76.6105
-76.6086
-76.6067
-76.6047
-76.6028
-76.6009
-76.599
-76.5971
-76.5953
-76.5934
-76.5915
-76.5896
-76.5878
-76.5859
-76.5841
-76.5822
-76.5804
-76.5786
-76.5767
-76.5749
-76.5731
-76.5713
-76.5695
-76.5677
-76.5659
-76.5641
-76.5623
-76.5606
-76.5588
-76.557
-76.5553
-76.5535
-76.5518
-76.55
-76.5483
-76.5466
-76.5449
-76.5431
-76.5414
-76.5397
-76.538
-76.5363
-76.5346
-76.5329
-76.5313
-76.5296
-76.5279
-76.5262
-76.5246
-76.5229
-76.5213
-76.5196
-76.518
-76.5164
-76.5147
-76.5131
-76.5115
-76.5099
-76.5083
-76.5066
-76.505
-76.5034
-76.5019
-76.5003
-76.4987
-76.4971
-76.4955
-76.494
-76.4924
-76.4908
-76.4893
-76.4877
-76.4862
-76.4847
-76.4831
-76.4816
-76.4801
-76.4785
-76.477
-76.4755
-76.474
-76.4725
-76.471
-76.4695
-76.468
-76.4665
-76.465
-76.4636
-76.4621
-76.4606
-76.4591
-76.4577
-76.4562
-76.4548
-76.4533
-76.4519
-76.4504
-76.449
-76.4476
-76.4461
-76.4447
-76.4433
-76.4419
-76.4405
-76.4391
-76.4377
-76.4362
-76.4349
-76.4335
-76.4321
-76.4307
-76.4293
-76.4279
-76.4265
-76.4252
-76.4238
-76.4224
-76.4211
-76.4197
-76.4184
-76.417
-76.4157
-76.4143
-76.413
-76.4117
-76.4103
-76.409
-76.4077
-76.4064
-76.4051
-76.4037
-76.4024
-76.4011
-76.3998
-76.3985
-76.3972
-76.3959
-76.3947
-76.3934
-76.3921
-76.3908
-76.3895
-76.3883
-76.387
-76.3857
-76.3845
-76.3832
-76.382
-76.3807
-76.3795
-76.3782
-76.377
-76.3757
-76.3745
-76.3733
-76.372
-76.3708
-76.3696
-76.3684
-76.3672
-76.3659
-76.3647
-76.3635
-76.3623
-76.3611
-76.3599
-76.3587
-76.3575
-76.3563
-76.3552
-76.354
-76.3528
-76.3516
-76.3504
-76.3493
-76.3481
-76.3469
-76.3458
-76.3446
-76.3435
-76.3423
-76.3412
-76.34
-76.3389
-76.3377
-76.3366
-76.3354
-76.3343
-76.3332
-76.332
-76.3309
-76.3298
-76.3287
-76.3276
-76.3264
-76.3253
-76.3242
-76.3231
-76.322
-76.3209
-76.3198
-76.3187
-76.3176
-76.3165
-76.3154
-76.3144
-76.3133
-76.3122
-76.3111
-76.31
-76.309
-76.3079
-76.3068
-76.3058
-76.3047
-76.3036
-76.3026
-76.3015
-76.3005
-76.2994
-76.2984
-76.2973
-76.2963
-76.2952
-76.2942
-76.2932
-76.2921
-76.2911
-76.2901
-76.289
-76.288
-76.287
-76.286
-76.2849
-76.2839
-76.2829
-76.2819
-76.2809
-76.2799
-76.2789
-76.2779
-76.2769
-76.2759
-76.2749
-76.2739
-76.2729
-76.2719
-76.2709
-76.27
-76.269
-76.268
-76.267
-76.266
-76.2651
-76.2641
-76.2631
-76.2622
-76.2612
-76.2602
-76.2593
-76.2583
-76.2574
-76.2564
-76.2555
-76.2545
-76.2536
-76.2526
-76.2517
-76.2507
-76.2498
-76.2489
-76.2479
-76.247
-76.2461
-76.2451
-76.2442
-76.2433
-76.2423
-76.2414
-76.2405
-76.2396
-76.2387
-76.2378
-76.2369
-76.2359
-76.235
-76.2341
-76.2332
-76.2323
-76.2314
-76.2305
-76.2296
-76.2287
-76.2278
-76.227
-76.2261
-76.2252
-76.2243
-76.2234
-76.2225
-76.2216
-76.2208
-76.2199
-76.219
-76.2181
-76.2173
-76.2164
-76.2155
-76.2147
-76.2138
-76.213
-76.2121
-76.2112
-76.2104
-76.2095
-76.2087
-76.2078
-76.207
-76.2061
-76.2053
-76.2044
-76.2036
-76.2028
-76.2019
-76.2011
-76.2002
-76.1994
-76.1986
-76.1978
-76.1969
-76.1961
-76.1953
-76.1944
-76.1936
-76.1928
-76.192
-76.1912
-76.1904
-76.1895
-76.1887
-76.1879
-76.1871
-76.1863
-76.1855
-76.1847
-76.1839
-76.1831
-76.1823
-76.1815
-76.1807
-76.1799
-76.1791
-76.1783
-76.1775
-76.1767
-76.176
-76.1752
-76.1744
-76.1736
-76.1728
-76.172
-76.1713
-76.1705
-76.1697
-76.1689
-76.1682
-76.1674
-76.1666
-76.1659
-76.1651
-76.1643
-76.1636
-76.1628
-76.1621
-76.1613
-76.1605
-76.1598
-76.159
-76.1583
-76.1575
-76.1568
-76.156
-76.1553
-76.1545
-76.1538
-76.1531
-76.1523
-76.1516
-76.1508
-76.1501
-76.1494
-76.1486
-76.1479
-76.1472
-76.1465
-76.1457
-76.145
-76.1443
-76.1435
-76.1428
-76.1421
-76.1414
-76.1407
-76.1399
-76.1392
-76.1385
-76.1378
-76.1371
-76.1364
-76.1357
-76.135
-76.1343
-76.1336
-76.1329
-76.1322
-76.1314
-76.1307
-76.1301
-76.1294
-76.1287
-76.128
-76.1273
-76.1266
-76.1259
-76.1252
-76.1245
-76.1238
-76.1231
-76.1225
-76.1218
-76.1211
-76.1204
-76.1197
-76.1191
-76.1184
-76.1177
-76.117
-76.1164
-76.1157
-76.115
-76.1143
-76.1137
-76.113
-76.1123
-76.1117
-76.111
-76.1104
-76.1097
-76.109
-76.1084
-76.1077
-76.1071
-76.1064
-76.1058
-76.1051
-76.1044
-76.1038
-76.1031
-76.1025
-76.1019
-76.1012
-76.1006
-76.0999
-76.0993
-76.0986
-76.098
-76.0974
-76.0967
-76.0961
-76.0955
-76.0948
-76.0942
-76.0936
-76.0929
-76.0923
-76.0917
-76.091
-76.0904
-76.0898
-76.0892
-76.0885
-76.0879
-76.0873
-76.0867
-76.0861
-76.0854
-76.0848
-76.0842
-76.0836
-76.083
-76.0824
-76.0818
-76.0812
-76.0806
-76.0799
-76.0793
-76.0787
-76.0781
-76.0775
-76.0769
-76.0763
-76.0757
-76.0751
-76.0745
-76.0739
-76.0733
-76.0727
-76.0722
-76.0716
-76.071
-76.0704
-76.0698
-76.0692
-76.0686
-76.068
-76.0674
-76.0669
-76.0663
-76.0657
-76.0651
-76.0645
-76.064
-76.0634
-76.0628
-76.0622
-76.0616
-76.0611
-76.0605
-76.0599
-76.0594
-76.0588
-76.0582
-76.0577
-76.0571
-76.0565
-76.056
-76.0554
-76.0548
-76.0543
-76.0537
-76.0531
-76.0526
-76.052
-76.0515
-76.0509
-76.0504
-76.0498
-76.0493
-76.0487
-76.0481
-76.0476
-76.047
-76.0465
-76.046
-76.0454
-76.0449
-76.0443
-76.0438
-76.0432
-76.0427
-76.0421
-76.0416
-76.0411
-76.0405
-76.04
-76.0395
-76.0389
-76.0384
-76.0378
-76.0373
-76.0368
-76.0363
-76.0357
-76.0352
-76.0347
-76.0341
-76.0336
-76.0331
-76.0326
-76.032
-76.0315
-76.031
-76.0305
-76.03
-76.0294
-76.0289
-76.0284
-76.0279
-76.0274
-76.0269
-76.0263
-76.0258
-76.0253
-76.0248
-76.0243
-76.0238
-76.0233
-76.0228
-76.0223
-76.0218
-76.0212
-76.0207
-76.0202
-76.0197
-76.0192
-76.0187
-76.0182
-76.0177
-76.0172
-76.0167
-76.0162
-76.0157
-76.0153
-76.0148
-76.0143
-76.0138
-76.0133
-76.0128
-76.0123
-76.0118
-76.0113
-76.0108
-76.0103
-76.0099
-76.0094
-76.0089
-76.0084
-76.0079
-76.0074
-76.007
-76.0065
-76.006
-76.0055
-76.005
-76.0046
-76.0041
-76.0036
-76.0031
-76.0027
-76.0022
-76.0017
-76.0013
-76.0008
-76.0003
-75.9998
-75.9994
-75.9989
-75.9984
-75.998
-75.9975
-75.997
-75.9966
-75.9961
-75.9957
-75.9952
-75.9947
-75.9943
-75.9938
-75.9934
-75.9929
-75.9924
-75.992
-75.9915
-75.9911
-75.9906
-75.9902
-75.9897
-75.9893
-75.9888
-75.9884
-75.9879
-75.9875
-75.987
-75.9866
-75.9861
-75.9857
-75.9852
-75.9848
-75.9844
-75.9839
-75.9835
-75.983
-75.9826
-75.9821
-75.9817
-75.9813
-75.9808
-75.9804
-75.98
-75.9795
-75.9791
-75.9787
-75.9782
-75.9778
-75.9774
-75.9769
-75.9765
-75.9761
-75.9756
-75.9752
-75.9748
-75.9744
-75.9739
-75.9735
-75.9731
-75.9727
-75.9722
-75.9718
-75.9714
-75.971
-75.9706
-75.9701
-75.9697
-75.9693
-75.9689
-75.9685
-75.968
-75.9676
-75.9672
-75.9668
-75.9664
-75.966
-75.9656
-75.9652
-75.9647
-75.9643
-75.9639
-75.9635
-75.9631
-75.9627
-75.9623
-75.9619
-75.9615
-75.9611
-75.9607
-75.9603
-75.9599
-75.9595
-75.9591
-75.9587
-75.9583
-75.9579
-75.9575
-75.9571
-75.9567
-75.9563
-75.9559
-75.9555
-75.9551
-75.9547
-75.9543
-75.9539
-75.9535
-75.9531
-75.9527
-75.9523
-75.952
-75.9516
-75.9512
-75.9508
-75.9504
-75.95
-75.9496
-75.9493
-75.9489
-75.9485
-75.9481
-75.9477
-75.9473
-75.947
-75.9466
-75.9462
-75.9458
-75.9454
-75.9451
-75.9447
-75.9443
-75.9439
-75.9436
-75.9432
-75.9428
-75.9424
-75.9421
-75.9417
-75.9413
-75.9409
-75.9406
-75.9402
-75.9398
-75.9395
-75.9391
-75.9387
-75.9384
-75.938
-75.9376
-75.9373
-75.9369
-75.9365
-75.9362
-75.9358
-75.9355
-75.9351
-75.9347
-75.9344
-75.934
-75.9337
-75.9333
-75.9329
-75.9326
-75.9322
-75.9319
-75.9315
-75.9312
-75.9308
-75.9305
-75.9301
-75.9298
-75.9294
-75.9291
-75.9287
-75.9284
-75.928
-75.9277
-75.9273
-75.927
-75.9266
-75.9263
-75.9259
-75.9256
-75.9252
-75.9249
-75.9245
-75.9242
-75.9239
-75.9235
-75.9232
-75.9228
-75.9225
-75.9222
-75.9218
-75.9215
-75.9211
-75.9208
-75.9205
-75.9201
-75.9198
-75.9195
-75.9191
-75.9188
-75.9185
-75.9181
-75.9178
-75.9175
-75.9171
-75.9168
-75.9165
-75.9161
-75.9158
-75.9155
-75.9151
-75.9148
-75.9145
-75.9142
-75.9138
-75.9135
-75.9132
-75.9129
-75.9125
-75.9122
-75.9119
-75.9116
-75.9112
-75.9109
-75.9106
-75.9103
-75.91
-75.9096
-75.9093
-75.909
-75.9087
-75.9084
-75.9081
-75.9077
-75.9074
-75.9071
-75.9068
-75.9065
-75.9062
-75.9059
-75.9055
-75.9052
-75.9049
-75.9046
-75.9043
-75.904
-75.9037
-75.9034
-75.9031
-75.9028
-75.9024
-75.9021
-75.9018
-75.9015
-75.9012
-75.9009
-75.9006
-75.9003
-75.9
-75.8997
-75.8994
-75.8991
-75.8988
-75.8985
-75.8982
-75.8979
-75.8976
-75.8973
-75.897
-75.8967
-75.8964
-75.8961
-75.8958
-75.8955
-75.8952
-75.8949
-75.8946
-75.8943
-75.894
-75.8937
-75.8935
-75.8932
-75.8929
-75.8926
-75.8923
-75.892
-75.8917
-75.8914
-75.8911
-75.8908
-75.8906
-75.8903
-75.89
-75.8897
-75.8894
-75.8891
-75.8888
-75.8885
-75.8883
-75.888
-75.8877
-75.8874
-75.8871
-75.8869
-75.8866
-75.8863
-75.886
-75.8857
-75.8854
-75.8852
-75.8849
-75.8846
-75.8843
-75.8841
-75.8838
-75.8835
-75.8832
-75.883
-75.8827
-75.8824
-75.8821
-75.8819
-75.8816
-75.8813
-75.881
-75.8808
-75.8805
-75.8802
-75.88
-75.8797
-75.8794
-75.8791
-75.8789
-75.8786
-75.8783
-75.8781
-75.8778
-75.8775
-75.8773
-75.877
-75.8767
-75.8765
-75.8762
-75.8759
-75.8757
-75.8754
-75.8752
-75.8749
-75.8746
-75.8744
-75.8741
-75.8738
-75.8736
-75.8733
-75.8731
-75.8728
-75.8726
-75.8723
-75.872
-75.8718
-75.8715
-75.8713
-75.871
-75.8708
-75.8705
-75.8702
-75.87
-75.8697
-75.8695
-75.8692
-75.869
-75.8687
-75.8685
-75.8682
-75.868
-75.8677
-75.8675
-75.8672
-75.867
-75.8667
-75.8665
-75.8662
-75.866
-75.8657
-75.8655
-75.8652
-75.865
-75.8647
-75.8645
-75.8643
-75.864
-75.8638
-75.8635
-75.8633
-75.863
-75.8628
-75.8626
-75.8623
-75.8621
-75.8618
-75.8616
-75.8614
-75.8611
-75.8609
-75.8606
-75.8604
-75.8602
-75.8599
-75.8597
-75.8594
-75.8592
-75.859
-75.8587
-75.8585
-75.8583
-75.858
-75.8578
-75.8576
-75.8573
-75.8571
-75.8569
-75.8566
-75.8564
-75.8562
-75.8559
-75.8557
-75.8555
-75.8552
-75.855
-75.8548
-75.8546
-75.8543
-75.8541
-75.8539
-75.8536
-75.8534
-75.8532
-75.853
-75.8527
-75.8525
-75.8523
-75.8521
-75.8518
-75.8516
-75.8514
-75.8512
-75.8509
-75.8507
-75.8505
-75.8503
-75.8501
-75.8498
-75.8496
-75.8494
-75.8492
-75.849
-75.8487
-75.8485
-75.8483
-75.8481
-75.8479
-75.8477
-75.8474
-75.8472
-75.847
-75.8468
-75.8466
-75.8464
-75.8461
-75.8459
-75.8457
-75.8455
-75.8453
-75.8451
-75.8449
-75.8446
-75.8444
-75.8442
-75.844
-75.8438
-75.8436
-75.8434
-75.8432
-75.843
-75.8428
-75.8425
-75.8423
-75.8421
-75.8419
-75.8417
-75.8415
-75.8413
-75.8411
-75.8409
-75.8407
-75.8405
-75.8403
-75.8401
-75.8399
-75.8397
-75.8395
-75.8392
-75.839
-75.8388
-75.8386
-75.8384
-75.8382
-75.838
-75.8378
-75.8376
-75.8374
-75.8372
-75.837
-75.8368
-75.8366
-75.8364
-75.8362
-75.836
-75.8358
-75.8356
-75.8354
-75.8353
-75.8351
-75.8349
-75.8347
-75.8345
-75.8343
-75.8341
-75.8339
-75.8337
-75.8335
-75.8333
-75.8331
-75.8329
-75.8327
-75.8325
-75.8323
-75.8321
-75.832
-75.8318
-75.8316
-75.8314
-75.8312
-75.831
-75.8308
-75.8306
-75.8304
-75.8303
-75.8301
-75.8299
-75.8297
-75.8295
-75.8293
-75.8291
-75.8289
-75.8288
-75.8286
-75.8284
-75.8282
-75.828
-75.8278
-75.8276
-75.8275
-75.8273
-75.8271
-75.8269
-75.8267
-75.8265
-75.8264
-75.8262
-75.826
-75.8258
-75.8256
-75.8255
-75.8253
-75.8251
-75.8249
-75.8247
-75.8246
-75.8244
-75.8242
-75.824
-75.8239
-75.8237
-75.8235
-75.8233
-75.8231
-75.823
-75.8228
-75.8226
-75.8224
-75.8223
-75.8221
-75.8219
-75.8217
-75.8216
-75.8214
-75.8212
-75.8211
-75.8209
-75.8207
-75.8205
-75.8204
-75.8202
-75.82
-75.8199
-75.8197
-75.8195
-75.8193
-75.8192
-75.819
-75.8188
-75.8187
-75.8185
-75.8183
-75.8182
-75.818
-75.8178
-75.8177
-75.8175
-75.8173
-75.8172
-75.817
-75.8168
-75.8167
-75.8165
-75.8163
-75.8162
-75.816
-75.8158
-75.8157
-75.8155
-75.8154
-75.8152
-75.815
-75.8149
-75.8147
-75.8145
-75.8144
-75.8142
-75.8141
-75.8139
-75.8137
-75.8136
-75.8134
-75.8133
-75.8131
-75.8129
-75.8128
-75.8126
-75.8125
-75.8123
-75.8121
-75.812
-75.8118
-75.8117
-75.8115
-75.8114
-75.8112
-75.811
-75.8109
-75.8107
-75.8106
-75.8104
-75.8103
-75.8101
-75.81
-75.8098
-75.8097
-75.8095
-75.8094
-75.8092
-75.809
-75.8089
-75.8087
-75.8086
-75.8084
-75.8083
-75.8081
-75.808
-75.8078
-75.8077
-75.8075
-75.8074
-75.8072
-75.8071
-75.8069
-75.8068
-75.8066
-75.8065
-75.8064
-75.8062
-75.8061
-75.8059
-75.8058
-75.8056
-75.8055
-75.8053
-75.8052
-75.805
-75.8049
-75.8047
-75.8046
-75.8045
-75.8043
-75.8042
-75.804
-75.8039
-75.8037
-75.8036
-75.8035
-75.8033
-75.8032
-75.803
-75.8029
-75.8027
-75.8026
-75.8025
-75.8023
-75.8022
-75.802
-75.8019
-75.8018
-75.8016
-75.8015
-75.8013
-75.8012
-75.8011
-75.8009
-75.8008
-75.8006
-75.8005
-75.8004
-75.8002
-75.8001
-75.8
-75.7998
-75.7997
-75.7996
-75.7994
-75.7993
-75.7991
-75.799
-75.7989
-75.7987
-75.7986
-75.7985
-75.7983
-75.7982
-75.7981
-75.7979
-75.7978
-75.7977
-75.7975
-75.7974
-75.7973
-75.7971
-75.797
-75.7969
-75.7968
-75.7966
-75.7965
-75.7964
-75.7962
-75.7961
-75.796
-75.7958
-75.7957
-75.7956
-75.7955
-75.7953
-75.7952
-75.7951
-75.7949
-75.7948
-75.7947
-75.7946
-75.7944
-75.7943
-75.7942
-75.7941
-75.7939
-75.7938
-75.7937
-75.7936
-75.7934
-75.7933
-75.7932
-75.7931
-75.7929
-75.7928
-75.7927
-75.7926
-75.7924
-75.7923
-75.7922
-75.7921
-75.7919
-75.7918
-75.7917
-75.7916
-75.7915
-75.7913
-75.7912
-75.7911
-75.791
-75.7909
-75.7907
-75.7906
-75.7905
-75.7904
-75.7903
-75.7901
-75.79
-75.7899
-75.7898
-75.7897
-75.7895
-75.7894
-75.7893
-75.7892
-75.7891
-75.7889
-75.7888
-75.7887
-75.7886
-75.7885
-75.7884
-75.7883
-75.7881
-75.788
-75.7879
-75.7878
-75.7877
-75.7876
-75.7874
-75.7873
-75.7872
-75.7871
-75.787
-75.7869
-75.7868
-75.7866
-75.7865
-75.7864
-75.7863
-75.7862
-75.7861
-75.786
-75.7859
-75.7858
-75.7856
-75.7855
-75.7854
-75.7853
-75.7852
-75.7851
-75.785
-75.7849
-75.7848
-75.7846
-75.7845
-75.7844
-75.7843
-75.7842
-75.7841
-75.784
-75.7839
-75.7838
-75.7837
-75.7836
-75.7835
-75.7833
-75.7832
-75.7831
-75.783
-75.7829
-75.7828
-75.7827
-75.7826
-75.7825
-75.7824
-75.7823
-75.7822
-75.7821
-75.782
-75.7819
-75.7818
-75.7817
-75.7816
-75.7815
-75.7814
-75.7812
-75.7811
-75.781
-75.7809
-75.7808
-75.7807
-75.7806
-75.7805
-75.7804
-75.7803
-75.7802
-75.7801
-75.78
-75.7799
-75.7798
-75.7797
-75.7796
-75.7795
-75.7794
-75.7793
-75.7792
-75.7791
-75.779
-75.7789
-75.7788
-75.7787
-75.7786
-75.7785
-75.7784
-75.7783
-75.7782
-75.7781
-75.778
-75.7779
-75.7778
-75.7777
-75.7777
-75.7776
-75.7775
-75.7774
-75.7773
-75.7772
-75.7771
-75.777
-75.7769
-75.7768
-75.7767
-75.7766
-75.7765
-75.7764
-75.7763
-75.7762
-75.7761
-75.776
-75.7759
-75.7758
-75.7758
-75.7757
-75.7756
-75.7755
-75.7754
-75.7753
-75.7752
-75.7751
-75.775
-75.7749
-75.7748
-75.7747
-75.7746
-75.7746
-75.7745
-75.7744
-75.7743
-75.7742
-75.7741
-75.774
-75.7739
-75.7738
-75.7737
-75.7737
-75.7736
-75.7735
-75.7734
-75.7733
-75.7732
-75.7731
-75.773
-75.7729
-75.7729
-75.7728
-75.7727
-75.7726
-75.7725
-75.7724
-75.7723
-75.7723
-75.7722
-75.7721
-75.772
-75.7719
-75.7718
-75.7717
-75.7716
-75.7716
-75.7715
-75.7714
-75.7713
-75.7712
-75.7711
-75.7711
-75.771
-75.7709
-75.7708
-75.7707
-75.7706
-75.7706
-75.7705
-75.7704
-75.7703
-75.7702
-75.7701
-75.7701
-75.77
-75.7699
-75.7698
-75.7697
-75.7696
-75.7696
-75.7695
-75.7694
-75.7693
-75.7692
-75.7692
-75.7691
-75.769
-75.7689
-75.7688
-75.7688
-75.7687
-75.7686
-75.7685
-75.7684
-75.7684
-75.7683
-75.7682
-75.7681
-75.768
-75.768
-75.7679
-75.7678
-75.7677
-75.7677
-75.7676
-75.7675
-75.7674
-75.7673
-75.7673
-75.7672
-75.7671
-75.767
-75.767
-75.7669
-75.7668
-75.7667
-75.7667
-75.7666
-75.7665
-75.7664
-75.7664
-75.7663
-75.7662
-75.7661
-75.7661
-75.766
-75.7659
-75.7658
-75.7658
-75.7657
-75.7656
-75.7655
-75.7655
-75.7654
-75.7653
-75.7652
-75.7652
-75.7651
-75.765
-75.7649
-75.7649
-75.7648
-75.7647
-75.7647
-75.7646
-75.7645
-75.7644
-75.7644
-75.7643
-75.7642
-75.7642
-75.7641
-75.764
-75.7639
-75.7639
-75.7638
-75.7637
-75.7637
-75.7636
-75.7635
-75.7635
-75.7634
-75.7633
-75.7632
-75.7632
-75.7631
-75.763
-75.763
-75.7629
-75.7628
-75.7628
-75.7627
-75.7626
-75.7626
-75.7625
-75.7624
-75.7624
-75.7623
-75.7622
-75.7622
-75.7621
-75.762
-75.762
-75.7619
-75.7618
-75.7618
-75.7617
-75.7616
-75.7616
-75.7615
-75.7614
-75.7614
-75.7613
-75.7612
-75.7612
-75.7611
-75.761
-75.761
-75.7609
-75.7608
-75.7608
-75.7607
-75.7607
-75.7606
-75.7605
-75.7605
-75.7604
-75.7603
-75.7603
-75.7602
-75.7601
-75.7601
-75.76
-75.76
-75.7599
-75.7598
-75.7598
-75.7597
-75.7596
-75.7596
-75.7595
-75.7595
-75.7594
-75.7593
-75.7593
-75.7592
-75.7592
-75.7591
-75.759
-75.759
-75.7589
-75.7589
-75.7588
-75.7587
-75.7587
-75.7586
-75.7586
-75.7585
-75.7584
-75.7584
-75.7583
-75.7583
-75.7582
-75.7581
-75.7581
-75.758
-75.758
-75.7579
-75.7578
-75.7578
-75.7577
-75.7577
-75.7576
-75.7576
-75.7575
-75.7574
-75.7574
-75.7573
-75.7573
-75.7572
-75.7572
-75.7571
-75.757
-75.757
-75.7569
-75.7569
-75.7568
-75.7568
-75.7567
-75.7567
-75.7566
-75.7565
-75.7565
-75.7564
-75.7564
-75.7563
-75.7563
-75.7562
-75.7562
-75.7561
-75.756
-75.756
-75.7559
-75.7559
-75.7558
-75.7558
-75.7557
-75.7557
-75.7556
-75.7556
-75.7555
-75.7555
-75.7554
-75.7553
-75.7553
-75.7552
-75.7552
-75.7551
-75.7551
-75.755
-75.755
-75.7549
-75.7549
-75.7548
-75.7548
-75.7547
-75.7547
-75.7546
-75.7546
-75.7545
-75.7545
-75.7544
-75.7544
-75.7543
-75.7543
-75.7542
-75.7542
-75.7541
-75.7541
-75.754
-75.754
-75.7539
-75.7539
-75.7538
-75.7538
-75.7537
-75.7537
-75.7536
-75.7536
-75.7535
-75.7535
-75.7534
-75.7534
-75.7533
-75.7533
-75.7532
-75.7532
-75.7531
-75.7531
-75.753
-75.753
-75.7529
-75.7529
-75.7528
-75.7528
-75.7527
-75.7527
-75.7527
-75.7526
-75.7526
-75.7525
-75.7525
-75.7524
-75.7524
-75.7523
-75.7523
-75.7522
-75.7522
-75.7521
-75.7521
-75.752
-75.752
-75.752
-75.7519
-75.7519
-75.7518
-75.7518
-75.7517
-75.7517
-75.7516
-75.7516
-75.7516
-75.7515
-75.7515
-75.7514
-75.7514
-75.7513
-75.7513
-75.7512
-75.7512
-75.7512
-75.7511
-75.7511
-75.751
-75.751
-75.7509
-75.7509
-75.7509
-75.7508
-75.7508
-75.7507
-75.7507
-75.7506
-75.7506
-75.7506
-75.7505
-75.7505
-75.7504
-75.7504
-75.7503
-75.7503
-75.7503
-75.7502
-75.7502
-75.7501
-75.7501
-75.7501
-75.75
-75.75
-75.7499
-75.7499
-75.7498
-75.7498
-75.7498
-75.7497
-75.7497
-75.7496
-75.7496
-75.7496
-75.7495
-75.7495
-75.7494
-75.7494
-75.7494
-75.7493
-75.7493
-75.7492
-75.7492
-75.7492
-75.7491
-75.7491
-75.7491
-75.749
-75.749
-75.7489
-75.7489
-75.7489
-75.7488
-75.7488
-75.7487
-75.7487
-75.7487
-75.7486
-75.7486
-75.7486
-75.7485
-75.7485
-75.7484
-75.7484
-75.7484
-75.7483
-75.7483
-75.7483
-75.7482
-75.7482
-75.7481
-75.7481
-75.7481
-75.748
-75.748
-75.748
-75.7479
-75.7479
-75.7479
-75.7478
-75.7478
-75.7478
-75.7477
-75.7477
-75.7476
-75.7476
-75.7476
-75.7475
-75.7475
-75.7475
-75.7474
-75.7474
-75.7474
-75.7473
-75.7473
-75.7473
-75.7472
-75.7472
-75.7472
-75.7471
-75.7471
-75.7471
-75.747
-75.747
-75.747
-75.7469
-75.7469
-75.7469
-75.7468
-75.7468
-75.7468
-75.7467
-75.7467
-75.7467
-75.7466
-75.7466
-75.7466
-75.7465
-75.7465
-75.7465
-75.7464
-75.7464
-75.7464
-75.7463
-75.7463
-75.7463
-75.7462
-75.7462
-75.7462
-75.7461
-75.7461
-75.7461
-75.746
-75.746
-75.746
-75.7459
-75.7459
-75.7459
-75.7459
-75.7458
-75.7458
-75.7458
-75.7457
-75.7457
-75.7457
-75.7456
-75.7456
-75.7456
-75.7456
-75.7455
-75.7455
-75.7455
-75.7454
-75.7454
-75.7454
-75.7453
-75.7453
-75.7453
-75.7453
-75.7452
-75.7452
-75.7452
-75.7451
-75.7451
-75.7451
-75.7451
-75.745
-75.745
-75.745
-75.7449
-75.7449
-75.7449
-75.7449
-75.7448
-75.7448
-75.7448
-75.7447
-75.7447
-75.7447
-75.7447
-75.7446
-75.7446
-75.7446
-75.7445
-75.7445
-75.7445
-75.7445
-75.7444
-75.7444
-75.7444
-75.7444
-75.7443
-75.7443
-75.7443
-75.7443
-75.7442
-75.7442
-75.7442
-75.7441
-75.7441
-75.7441
-75.7441
-75.744
-75.744
-75.744
-75.744
-75.7439
-75.7439
-75.7439
-75.7439
-75.7438
-75.7438
-75.7438
-75.7438
-75.7437
-75.7437
-75.7437
-75.7437
-75.7436
-75.7436
-75.7436
-75.7436
-75.7435
-75.7435
-75.7435
-75.7435
-75.7434
-75.7434
-75.7434
-75.7434
-75.7433
-75.7433
-75.7433
-75.7433
-75.7432
-75.7432
-75.7432
-75.7432
-75.7432
-75.7431
-75.7431
-75.7431
-75.7431
-75.743
-75.743
-75.743
-75.743
-75.7429
-75.7429
-75.7429
-75.7429
-75.7429
-75.7428
-75.7428
-75.7428
-75.7428
-75.7427
-75.7427
-75.7427
-75.7427
-75.7427
-75.7426
-75.7426
-75.7426
-75.7426
-75.7425
-75.7425
-75.7425
-75.7425
-75.7425
-75.7424
-75.7424
-75.7424
-75.7424
-75.7424
-75.7423
-75.7423
-75.7423
-75.7423
-75.7422
-75.7422
-75.7422
-75.7422
-75.7422
-75.7421
-75.7421
-75.7421
-75.7421
-75.7421
-75.742
-75.742
-75.742
-75.742
-75.742
-75.7419
-75.7419
-75.7419
-75.7419
-75.7419
-75.7418
-75.7418
-75.7418
-75.7418
-75.7418
-75.7417
-75.7417
-75.7417
-75.7417
-75.7417
-75.7417
-75.7416
-75.7416
-75.7416
-75.7416
-75.7416
-75.7415
-75.7415
-75.7415
-75.7415
-75.7415
-75.7415
-75.7414
-75.7414
-75.7414
-75.7414
-75.7414
-75.7413
-75.7413
-75.7413
-75.7413
-75.7413
-75.7413
-75.7412
-75.7412
-75.7412
-75.7412
-75.7412
-75.7412
-75.7411
-75.7411
-75.7411
-75.7411
-75.7411
-75.741
-75.741
-75.741
-75.741
-75.741
-75.741
-75.741
-75.7409
-75.7409
-75.7409
-75.7409
-75.7409
-75.7409
-75.7408
-75.7408
-75.7408
-75.7408
-75.7408
-75.7408
-75.7407
-75.7407
-75.7407
-75.7407
-75.7407
-75.7407
-75.7406
-75.7406
-75.7406
-75.7406
-75.7406
-75.7406
-75.7406
-75.7405
-75.7405
-75.7405
-75.7405
-75.7405
-75.7405
-75.7405
-75.7404
-75.7404
-75.7404
-75.7404
-75.7404
-75.7404
-75.7404
-75.7403
-75.7403
-75.7403
-75.7403
-75.7403
-75.7403
-75.7403
-75.7402
-75.7402
-75.7402
-75.7402
-75.7402
-75.7402
-75.7402
-75.7401
-75.7401
-75.7401
-75.7401
-75.7401
-75.7401
-75.7401
-75.7401
-75.74
-75.74
-75.74
-75.74
-75.74
-75.74
-75.74
-75.74
-75.7399
-75.7399
-75.7399
-75.7399
-75.7399
-75.7399
-75.7399
-75.7399
-75.7398
-75.7398
-75.7398
-75.7398
-75.7398
-75.7398
-75.7398
-75.7398
-75.7397
-75.7397
-75.7397
-75.7397
-75.7397
-75.7397
-75.7397
-75.7397
-75.7397
-75.7396
-75.7396
-75.7396
-75.7396
-75.7396
-75.7396
-75.7396
-75.7396
-75.7396
-75.7395
-75.7395
-75.7395
-75.7395
-75.7395
-75.7395
-75.7395
-75.7395
-75.7395
-75.7394
-75.7394
-75.7394
-75.7394
-75.7394
-75.7394
-75.7394
-75.7394
-75.7394
-75.7394
-75.7393
-75.7393
-75.7393
-75.7393
-75.7393
-75.7393
-75.7393
-75.7393
-75.7393
-75.7393
-75.7392
-75.7392
-75.7392
-75.7392
-75.7392
-75.7392
-75.7392
-75.7392
-75.7392
-75.7392
-75.7392
-75.7391
-75.7391
-75.7391
-75.7391
-75.7391
-75.7391
-75.7391
-75.7391
-75.7391
-75.7391
-75.7391
-75.7391
-75.739
-75.739
-75.739
-75.739
-75.739
-75.739
-75.739
-75.739
-75.739
-75.739
-75.739
-75.739
-75.7389
-75.7389
-75.7389
-75.7389
-75.7389
-75.7389
-75.7389
-75.7389
-75.7389
-75.7389
-75.7389
-75.7389
-75.7389
-75.7388
-75.7388
-75.7388
-75.7388
-75.7388
-75.7388
-75.7388
-75.7388
-75.7388
-75.7388
-75.7388
-75.7388
-75.7388
-75.7388
-75.7387
-75.7387
-75.7387
-75.7387
-75.7387
-75.7387
-75.7387
-75.7387
-75.7387
-75.7387
-75.7387
-75.7387
-75.7387
-75.7387
-75.7387
-75.7387
-75.7386
-75.7386
-75.7386
-75.7386
-75.7386
-75.7386
-75.7386
-75.7386
-75.7386
-75.7386
-75.7386
-75.7386
-75.7386
-75.7386
-75.7386
-75.7386
-75.7386
-75.7386
-75.7385
-75.7385
-75.7385
-75.7385
-75.7385
-75.7385
-75.7385
-75.7385
-75.7385
-75.7385
-75.7385
-75.7385
-75.7385
-75.7385
-75.7385
-75.7385
-75.7385
-75.7385
-75.7385
-75.7385
-75.7385
-75.7384
-75.7384
-75.7384
-75.7384
-75.7384
-75.7384
-75.7384
-75.7384
-75.7384
-75.7384
-75.7384
-75.7384
-75.7384
-75.7384
-75.7384
-75.7384
-75.7384
-75.7384
-75.7384
-75.7384
-75.7384
-75.7384
-75.7384
-75.7384
-75.7384
-75.7383
-75.7383
-75.7383
-75.7383
-75.7383
-75.7383
-75.7383
-75.7383
-75.7383
-75.7383
-75.7383
-75.7383
-75.7383
-75.7383
-75.7383
-75.7383
-75.7383
-75.7383
-75.7383
-75.7383
-75.7383
-75.7383
-75.7383
-75.7383
-75.7383
-75.7383
-75.7383
-75.7383
-75.7383
-75.7383
-75.7383
-75.7383
-75.7383
-75.7383
-75.7383
-75.7382
-75.7382
-75.7382
-75.7382
-75.7382
-75.7382
-75.7382
-75.7382
-75.7382
-75.7382
-75.7382
-75.7382
-75.7382
-75.7382
-75.7382
-75.7382
-75.7382
-75.7382
-75.7382
-75.7382
-75.7382
-75.7382
-75.7382
-75.7382
-75.7382
-75.7382
-75.7382
-75.7382
-75.7382
-75.7382
-75.7382
-75.7382
-75.7382
-75.7382
-75.7382
-75.7382
-75.7382
-75.7382
-75.7382
-75.7382
-75.7382
-75.7382
-75.7382
-75.7382
-75.7382
-75.7382
-75.7382
-75.7382
-75.7382
-75.7382
-75.7382
-75.7382
-75.7382
-75.7382
-75.7382
-75.7382
-75.7382
-75.7382
-75.7382
-75.7382
-75.7382
-75.7382
-75.7382
-75.7382
-75.7382
-75.7382
-75.7382
-75.7382
-75.7382
-75.7382
-75.7382
-75.7382
-75.7382
-75.7382
-75.7382
-75.7382
-75.7382
-75.7382
-75.7382
-75.7382
-75.7382
-75.7382
-75.7382
-75.7382
-75.7382
-75.7382
-75.7382
-75.7382
-75.7382
-75.7382
-75.7382
-75.7382
-75.7382
-75.7382
-75.7382
-75.7382
-75.7382
-75.7382
-75.7382
-75.7382
-75.7382
-75.7382
-75.7382
-75.7382
-75.7382
-75.7382
-75.7382
-75.7382
-75.7382
-75.7382
-75.7382
-75.7382
-75.7382
-75.7382
-75.7382
-75.7382
-75.7382
-75.7382
-75.7382
-75.7382
-75.7382
-75.7382
-75.7382
-75.7382
-75.7382
-75.7382
-75.7382
-75.7382
-75.7382
-75.7382
-75.7382
-75.7382
-75.7382
-75.7383
-75.7383
-75.7383
-75.7383
-75.7383
-75.7383
-75.7383
-75.7383
-75.7383
-75.7383
-75.7383
-75.7383
-75.7383
-75.7383
-75.7383
-75.7383
-75.7383
-75.7383
-75.7383
-75.7383
-75.7383
-75.7383
-75.7383
-75.7383
-75.7383
-75.7383
-75.7383
-75.7383
-75.7383
-75.7383
-75.7383
-75.7383
-75.7383
-75.7383
-75.7383
-75.7383
-75.7383
-75.7383
-75.7383
-75.7384
-75.7384
-75.7384
-75.7384
-75.7384
-75.7384
-75.7384
-75.7384
-75.7384
-75.7384
-75.7384
-75.7384
-75.7384
-75.7384
-75.7384
-75.7384
-75.7384
-75.7384
-75.7384
-75.7384
-75.7384
-75.7384
-75.7384
-75.7384
-75.7384
-75.7384
-75.7384
-75.7384
-75.7385
-75.7385
-75.7385
-75.7385
-75.7385
-75.7385
-75.7385
-75.7385
-75.7385
-75.7385
-75.7385
-75.7385
-75.7385
-75.7385
-75.7385
-75.7385
-75.7385
-75.7385
-75.7385
-75.7385
-75.7385
-75.7385
-75.7385
-75.7385
-75.7385
-75.7386
-75.7386
-75.7386
-75.7386
-75.7386
-75.7386
-75.7386
-75.7386
-75.7386
-75.7386
-75.7386
-75.7386
-75.7386
-75.7386
-75.7386
-75.7386
-75.7386
-75.7386
-75.7386
-75.7386
-75.7386
-75.7387
-75.7387
-75.7387
-75.7387
-75.7387
-75.7387
-75.7387
-75.7387
-75.7387
-75.7387
-75.7387
-75.7387
-75.7387
-75.7387
-75.7387
-75.7387
-75.7387
-75.7387
-75.7387
-75.7388
-75.7388
-75.7388
-75.7388
-75.7388
-75.7388
-75.7388
-75.7388
-75.7388
-75.7388
-75.7388
-75.7388
-75.7388
-75.7388
-75.7388
-75.7388
-75.7388
-75.7388
-75.7389
-75.7389
-75.7389
-75.7389
-75.7389
-75.7389
-75.7389
-75.7389
-75.7389
-75.7389
-75.7389
-75.7389
-75.7389
-75.7389
-75.7389
-75.7389
-75.7389
-75.739
-75.739
-75.739
-75.739
-75.739
-75.739
-75.739
-75.739
-75.739
-75.739
-75.739
-75.739
-75.739
-75.739
-75.739
-75.739
-75.7391
-75.7391
-75.7391
-75.7391
-75.7391
-75.7391
-75.7391
-75.7391
-75.7391
-75.7391
-75.7391
-75.7391
-75.7391
-75.7391
-75.7391
-75.7392
-75.7392
-75.7392
-75.7392
-75.7392
-75.7392
-75.7392
-75.7392
-75.7392
-75.7392
-75.7392
-75.7392
-75.7392
-75.7392
-75.7393
-75.7393
-75.7393
-75.7393
-75.7393
-75.7393
-75.7393
-75.7393
-75.7393
-75.7393
-75.7393
-75.7393
-75.7393
-75.7393
-75.7394
-75.7394
-75.7394
-75.7394
-75.7394
-75.7394
-75.7394
-75.7394
-75.7394
-75.7394
-75.7394
-75.7394
-75.7394
-75.7395
-75.7395
-75.7395
-75.7395
-75.7395
-75.7395
-75.7395
-75.7395
-75.7395
-75.7395
-75.7395
-75.7395
-75.7395
-75.7396
-75.7396
-75.7396
-75.7396
-75.7396
-75.7396
-75.7396
-75.7396
-75.7396
-75.7396
-75.7396
-75.7396
-75.7396
-75.7397
-75.7397
-75.7397
-75.7397
-75.7397
-75.7397
-75.7397
-75.7397
-75.7397
-75.7397
-75.7397
-75.7397
-75.7398
-75.7398
-75.7398
-75.7398
-75.7398
-75.7398
-75.7398
-75.7398
-75.7398
-75.7398
-75.7398
-75.7398
-75.7399
-75.7399
-75.7399
-75.7399
-75.7399
-75.7399
-75.7399
-75.7399
-75.7399
-75.7399
-75.7399
-75.7399
-75.74
-75.74
-75.74
-75.74
-75.74
-75.74
-75.74
-75.74
-75.74
-75.74
-75.74
-75.7401
-75.7401
-75.7401
-75.7401
-75.7401
-75.7401
-75.7401
-75.7401
-75.7401
-75.7401
-75.7401
-75.7401
-75.7402
-75.7402
-75.7402
-75.7402
-75.7402
-75.7402
-75.7402
-75.7402
-75.7402
-75.7402
-75.7403
-75.7403
-75.7403
-75.7403
-75.7403
-75.7403
-75.7403
-75.7403
-75.7403
-75.7403
-75.7403
-75.7404
-75.7404
-75.7404
-75.7404
-75.7404
-75.7404
-75.7404
-75.7404
-75.7404
-75.7404
-75.7404
-75.7405
-75.7405
-75.7405
-75.7405
-75.7405
-75.7405
-75.7405
-75.7405
-75.7405
-75.7405
-75.7406
-75.7406
-75.7406
-75.7406
-75.7406
-75.7406
-75.7406
-75.7406
-75.7406
-75.7406
-75.7407
-75.7407
-75.7407
-75.7407
-75.7407
-75.7407
-75.7407
-75.7407
-75.7407
-75.7407
-75.7407
-75.7408
-75.7408
-75.7408
-75.7408
-75.7408
-75.7408
-75.7408
-75.7408
-75.7408
-75.7408
-75.7409
-75.7409
-75.7409
-75.7409
-75.7409
-75.7409
-75.7409
-75.7409
-75.7409
-75.741
-75.741
-75.741
-75.741
-75.741
-75.741
-75.741
-75.741
-75.741
-75.741
-75.7411
-75.7411
-75.7411
-75.7411
-75.7411
-75.7411
-75.7411
-75.7411
-75.7411
-75.7411
-75.7412
-75.7412
-75.7412
-75.7412
-75.7412
-75.7412
-75.7412
-75.7412
-75.7412
-75.7413
-75.7413
-75.7413
-75.7413
-75.7413
-75.7413
-75.7413
-75.7413
-75.7413
-75.7413
-75.7414
-75.7414
-75.7414
-75.7414
-75.7414
-75.7414
-75.7414
-75.7414
-75.7414
-75.7415
-75.7415
-75.7415
-75.7415
-75.7415
-75.7415
-75.7415
-75.7415
-75.7415
-75.7416
-75.7416
-75.7416
-75.7416
-75.7416
-75.7416
-75.7416
-75.7416
-75.7416
-75.7417
-75.7417
-75.7417
-75.7417
-75.7417
-75.7417
-75.7417
-75.7417
-75.7417
-75.7418
-75.7418
-75.7418
-75.7418
-75.7418
-75.7418
-75.7418
-75.7418
-75.7418
-75.7419
-75.7419
-75.7419
-75.7419
-75.7419
-75.7419
-75.7419
-75.7419
-75.7419
-75.742
-75.742
-75.742
-75.742
-75.742
-75.742
-75.742
-75.742
-75.742
-75.7421
-75.7421
-75.7421
-75.7421
-75.7421
-75.7421
-75.7421
-75.7421
-75.7422
-75.7422
-75.7422
-75.7422
-75.7422
-75.7422
-75.7422
-75.7422
-75.7422
-75.7423
-75.7423
-75.7423
-75.7423
-75.7423
-75.7423
-75.7423
-75.7423
-75.7424
-75.7424
-75.7424
-75.7424
-75.7424
-75.7424
-75.7424
-75.7424
-75.7424
-75.7425
-75.7425
-75.7425
-75.7425
-75.7425
-75.7425
-75.7425
-75.7425
-75.7426
-75.7426
-75.7426
-75.7426
-75.7426
-75.7426
-75.7426
-75.7426
-75.7426
-75.7427
-75.7427
-75.7427
-75.7427
-75.7427
-75.7427
-75.7427
-75.7427
-75.7428
-75.7428
-75.7428
-75.7428
-75.7428
-75.7428
-75.7428
-75.7428
-75.7429
-75.7429
-75.7429
-75.7429
-75.7429
-75.7429
-75.7429
-75.7429
-75.743
-75.743
-75.743
-75.743
-75.743
-75.743
-75.743
-75.743
-75.743
-75.7431
-75.7431
-75.7431
-75.7431
-75.7431
-75.7431
-75.7431
-75.7431
-75.7432
-75.7432
-75.7432
-75.7432
-75.7432
-75.7432
-75.7432
-75.7432
-75.7433
-75.7433
-75.7433
-75.7433
-75.7433
-75.7433
-75.7433
-75.7433
-75.7434
-75.7434
-75.7434
-75.7434
-75.7434
-75.7434
-75.7434
-75.7434
-75.7435
-75.7435
-75.7435
-75.7435
-75.7435
-75.7435
-75.7435
-75.7435
-75.7436
-75.7436
-75.7436
-75.7436
-75.7436
-75.7436
-75.7436
-75.7436
-75.7437
-75.7437
-75.7437
-75.7437
-75.7437
-75.7437
-75.7437
-75.7438
-75.7438
-75.7438
-75.7438
-75.7438
-75.7438
-75.7438
-75.7438
-75.7439
-75.7439
-75.7439
-75.7439
-75.7439
-75.7439
-75.7439
-75.7439
-75.744
-75.744
-75.744
-75.744
-75.744
-75.744
-75.744
-75.744
-75.7441
-75.7441
-75.7441
-75.7441
-75.7441
-75.7441
-75.7441
-75.7442
-75.7442
-75.7442
-75.7442
-75.7442
-75.7442
-75.7442
-75.7442
-75.7443
-75.7443
-75.7443
-75.7443
-75.7443
-75.7443
-75.7443
-75.7443
-75.7444
-75.7444
-75.7444
-75.7444
-75.7444
-75.7444
-75.7444
-75.7445
-75.7445
-75.7445
-75.7445
-75.7445
-75.7445
-75.7445
-75.7445
-75.7446
-75.7446
-75.7446
-75.7446
-75.7446
-75.7446
-75.7446
-75.7447
-75.7447
-75.7447
-75.7447
-75.7447
-75.7447
-75.7447
-75.7447
-75.7448
-75.7448
-75.7448
-75.7448
-75.7448
-75.7448
-75.7448
-75.7449
-75.7449
-75.7449
-75.7449
-75.7449
-75.7449
-75.7449
-75.7449
-75.745
-75.745
-75.745
-75.745
-75.745
-75.745
-75.745
-75.7451
-75.7451
-75.7451
-75.7451
-75.7451
-75.7451
-75.7451
-75.7451
-75.7452
-75.7452
-75.7452
-75.7452
-75.7452
-75.7452
-75.7452
-75.7453
-75.7453
-75.7453
-75.7453
-75.7453
-75.7453
-75.7453
-75.7454
-75.7454
-75.7454
-75.7454
-75.7454
-75.7454
-75.7454
-75.7454
-75.7455
-75.7455
-75.7455
-75.7455
-75.7455
-75.7455
-75.7455
-75.7456
-75.7456
-75.7456
-75.7456
-75.7456
-75.7456
-75.7456
-75.7457
-75.7457
-75.7457
-75.7457
-75.7457
-75.7457
-75.7457
-75.7457
-75.7458
-75.7458
-75.7458
-75.7458
-75.7458
-75.7458
-75.7458
-75.7459
-75.7459
-75.7459
-75.7459
-75.7459
-75.7459
-75.7459
-75.746
-75.746
-75.746
-75.746
-75.746
-75.746
-75.746
-75.7461
-75.7461
-75.7461
-75.7461
-75.7461
-75.7461
-75.7461
-75.7461
-75.7462
-75.7462
-75.7462
-75.7462
-75.7462
-75.7462
-75.7462
-75.7463
-75.7463
-75.7463
-75.7463
-75.7463
-75.7463
-75.7463
-75.7464
-75.7464
-75.7464
-75.7464
-75.7464
-75.7464
-75.7464
-75.7465
-75.7465
-75.7465
-75.7465
-75.7465
-75.7465
-75.7465
-75.7466
-75.7466
-75.7466
-75.7466
-75.7466
-75.7466
-75.7466
-75.7467
-75.7467
-75.7467
-75.7467
-75.7467
-75.7467
-75.7467
-75.7468
-75.7468
-75.7468
-75.7468
-75.7468
-75.7468
-75.7468
-75.7468
-75.7469
-75.7469
-75.7469
-75.7469
-75.7469
-75.7469
-75.7469
-75.747
-75.747
-75.747
-75.747
-75.747
-75.747
-75.747
-75.7471
-75.7471
-75.7471
-75.7471
-75.7471
-75.7471
-75.7471
-75.7472
-75.7472
-75.7472
-75.7472
-75.7472
-75.7472
-75.7472
-75.7473
-75.7473
-75.7473
-75.7473
-75.7473
-75.7473
-75.7473
-75.7474
-75.7474
-75.7474
-75.7474
-75.7474
-75.7474
-75.7474
-75.7475
-75.7475
-75.7475
-75.7475
-75.7475
-75.7475
-75.7475
-75.7476
-75.7476
-75.7476
-75.7476
-75.7476
-75.7476
-75.7476
-75.7477
-75.7477
-75.7477
-75.7477
-75.7477
-75.7477
-75.7477
-75.7478
-75.7478
-75.7478
-75.7478
-75.7478
-75.7478
-75.7478
-75.7479
-75.7479
-75.7479
-75.7479
-75.7479
-75.7479
-75.7479
-75.748
-75.748
-75.748
-75.748
-75.748
-75.748
-75.7481
-75.7481
-75.7481
-75.7481
-75.7481
-75.7481
-75.7481
-75.7482
-75.7482
-75.7482
-75.7482
-75.7482
-75.7482
-75.7482
-75.7483
-75.7483
-75.7483
-75.7483
-75.7483
-75.7483
-75.7483
-75.7484
-75.7484
-75.7484
-75.7484
-75.7484
-75.7484
-75.7484
-75.7485
-75.7485
-75.7485
-75.7485
-75.7485
-75.7485
-75.7485
-75.7486
-75.7486
-75.7486
-75.7486
-75.7486
-75.7486
-75.7486
-75.7487
-75.7487
-75.7487
-75.7487
-75.7487
-75.7487
-75.7487
-75.7488
-75.7488
-75.7488
-75.7488
-75.7488
-75.7488
-75.7488
-75.7489
-75.7489
-75.7489
-75.7489
-75.7489
-75.7489
-75.749
-75.749
-75.749
-75.749
-75.749
-75.749
-75.749
-75.7491
-75.7491
-75.7491
-75.7491
-75.7491
-75.7491
-75.7491
-75.7492
-75.7492
-75.7492
-75.7492
-75.7492
-75.7492
-75.7492
-75.7493
-75.7493
-75.7493
-75.7493
-75.7493
-75.7493
-75.7493
-75.7494
-75.7494
-75.7494
-75.7494
-75.7494
-75.7494
-75.7494
-75.7495
-75.7495
-75.7495
-75.7495
-75.7495
-75.7495
-75.7496
-75.7496
-75.7496
-75.7496
-75.7496
-75.7496
-75.7496
-75.7497
-75.7497
-75.7497
-75.7497
-75.7497
-75.7497
-75.7497
-75.7498
-75.7498
-75.7498
-75.7498
-75.7498
-75.7498
-75.7498
-75.7499
-75.7499
-75.7499
-75.7499
-75.7499
-75.7499
-75.7499
-75.75
-75.75
-75.75
-75.75
-75.75
-75.75
-75.7501
-75.7501
-75.7501
-75.7501
-75.7501
-75.7501
-75.7501
-75.7502
-75.7502
-75.7502
-75.7502
-75.7502
-75.7502
-75.7502
-75.7503
-75.7503
-75.7503
-75.7503
-75.7503
-75.7503
-75.7503
-75.7504
-75.7504
-75.7504
-75.7504
-75.7504
-75.7504
-75.7505
-75.7505
-75.7505
-75.7505
-75.7505
-75.7505
-75.7505
-75.7506
-75.7506
-75.7506
-75.7506
-75.7506
-75.7506
-75.7506
-75.7507
-75.7507
-75.7507
-75.7507
-75.7507
-75.7507
-75.7507
-75.7508
-75.7508
-75.7508
-75.7508
-75.7508
-75.7508
-75.7509
-75.7509
-75.7509
-75.7509
-75.7509
-75.7509
-75.7509
-75.751
-75.751
-75.751
-75.751
-75.751
-75.751
-75.751
-75.7511
-75.7511
-75.7511
-75.7511
-75.7511
-75.7511
-75.7511
-75.7512
-75.7512
-75.7512
-75.7512
-75.7512
-75.7512
-75.7513
-75.7513
-75.7513
-75.7513
-75.7513
-75.7513
-75.7513
-75.7514
-75.7514
-75.7514
-75.7514
-75.7514
-75.7514
-75.7514
-75.7515
-75.7515
-75.7515
-75.7515
-75.7515
-75.7515
-75.7515
-75.7516
-75.7516
-75.7516
-75.7516
-75.7516
-75.7516
-75.7517
-75.7517
-75.7517
-75.7517
-75.7517
-75.7517
-75.7517
-75.7518
-75.7518
-75.7518
-75.7518
-75.7518
-75.7518
-75.7518
-75.7519
-75.7519
-75.7519
-75.7519
-75.7519
-75.7519
-75.752
-75.752
-75.752
-75.752
-75.752
-75.752
-75.752
-75.7521
-75.7521
-75.7521
-75.7521
-75.7521
-75.7521
-75.7521
-75.7522
-75.7522
-75.7522
-75.7522
-75.7522
-75.7522
-75.7522
-75.7523
-75.7523
-75.7523
-75.7523
-75.7523
-75.7523
-75.7524
-75.7524
-75.7524
-75.7524
-75.7524
-75.7524
-75.7524
-75.7525
-75.7525
-75.7525
-75.7525
-75.7525
-75.7525
-75.7525
-75.7526
-75.7526
-75.7526
-75.7526
-75.7526
-75.7526
-75.7527
-75.7527
-75.7527
-75.7527
-75.7527
-75.7527
-75.7527
-75.7528
-75.7528
-75.7528
-75.7528
-75.7528
-75.7528
-75.7528
-75.7529
-75.7529
-75.7529
-75.7529
-75.7529
-75.7529
-75.753
-75.753
-75.753
-75.753
-75.753
-75.753
-75.753
-75.7531
-75.7531
-75.7531
-75.7531
-75.7531
-75.7531
-75.7531
-75.7532
-75.7532
-75.7532
-75.7532
-75.7532
-75.7532
-75.7532
-75.7533
-75.7533
-75.7533
-75.7533
-75.7533
-75.7533
-75.7534
-75.7534
-75.7534
-75.7534
-75.7534
-75.7534
-75.7534
-75.7535
-75.7535
-75.7535
-75.7535
-75.7535
-75.7535
-75.7535
-75.7536
-75.7536
-75.7536
-75.7536
-75.7536
-75.7536
-75.7537
-75.7537
-75.7537
-75.7537
-75.7537
-75.7537
-75.7537
-75.7538
-75.7538
-75.7538
-75.7538
-75.7538
-75.7538
-75.7538
-75.7539
-75.7539
-75.7539
-75.7539
-75.7539
-75.7539
-75.7539
-75.754
-75.754
-75.754
-75.754
-75.754
-75.754
-75.7541
-75.7541
-75.7541
-75.7541
-75.7541
-75.7541
-75.7541
-75.7542
-75.7542
-75.7542
-75.7542
-75.7542
-75.7542
-75.7542
-75.7543
-75.7543
-75.7543
-75.7543
-75.7543
-75.7543
-75.7544
-75.7544
-75.7544
-75.7544
-75.7544
-75.7544
-75.7544
-75.7545
-75.7545
-75.7545
-75.7545
-75.7545
-75.7545
-75.7545
-75.7546
-75.7546
-75.7546
-75.7546
-75.7546
-75.7546
-75.7546
-75.7547
-75.7547
-75.7547
-75.7547
-75.7547
-75.7547
-75.7548
-75.7548
-75.7548
-75.7548
-75.7548
-75.7548
-75.7548
-75.7549
-75.7549
-75.7549
-75.7549
-75.7549
-75.7549
-75.7549
-75.755
-75.755
-75.755
-75.755
-75.755
-75.755
-75.755
-75.7551
-75.7551
-75.7551
-75.7551
-75.7551
-75.7551
-75.7552
-75.7552
-75.7552
-75.7552
-75.7552
-75.7552
-75.7552
-75.7553
-75.7553
-75.7553
-75.7553
-75.7553
-75.7553
-75.7553
-75.7554
-75.7554
-75.7554
-75.7554
-75.7554
-75.7554
-75.7554
-75.7555
-75.7555
-75.7555
-75.7555
-75.7555
-75.7555
-75.7556
-75.7556
-75.7556
-75.7556
-75.7556
-75.7556
-75.7556
-75.7557
-75.7557
-75.7557
-75.7557
-75.7557
-75.7557
-75.7557
-75.7558
-75.7558
-75.7558
-75.7558
-75.7558
-75.7558
-75.7558
-75.7559
-75.7559
-75.7559
-75.7559
-75.7559
-75.7559
-75.756
-75.756
-75.756
-75.756
-75.756
-75.756
-75.756
-75.7561
-75.7561
-75.7561
-75.7561
-75.7561
-75.7561
-75.7561
-75.7562
-75.7562
-75.7562
-75.7562
-75.7562
-75.7562
-75.7562
-75.7563
-75.7563
-75.7563
-75.7563
-75.7563
-75.7563
-75.7564
-75.7564
-75.7564
-75.7564
-75.7564
-75.7564
-75.7564
-75.7565
-75.7565
-75.7565
-75.7565
-75.7565
-75.7565
-75.7565
-75.7566
-75.7566
-75.7566
-75.7566
-75.7566
-75.7566
-75.7566
-75.7567
-75.7567
-75.7567
-75.7567
-75.7567
-75.7567
-75.7567
-75.7568
-75.7568
-75.7568
-75.7568
-75.7568
-75.7568
-75.7569
-75.7569
-75.7569
-75.7569
-75.7569
-75.7569
-75.7569
-75.757
-75.757
-75.757
-75.757
-75.757
-75.757
-75.757
-75.7571
-75.7571
-75.7571
-75.7571
-75.7571
-75.7571
-75.7571
-75.7572
-75.7572
-75.7572
-75.7572
-75.7572
-75.7572
-75.7572
-75.7573
-75.7573
-75.7573
-75.7573
-75.7573
-75.7573
-75.7574
-75.7574
-75.7574
-75.7574
-75.7574
-75.7574
-75.7574
-75.7575
-75.7575
-75.7575
-75.7575
-75.7575
-75.7575
-75.7575
-75.7576
-75.7576
-75.7576
-75.7576
-75.7576
-75.7576
-75.7576
-75.7577
-75.7577
-75.7577
-75.7577
-75.7577
-75.7577
-75.7577
-75.7578
-75.7578
-75.7578
-75.7578
-75.7578
-75.7578
-75.7578
-75.7579
-75.7579
-75.7579
-75.7579
-75.7579
-75.7579
-75.7579
-75.758
-75.758
-75.758
-75.758
-75.758
-75.758
-75.7581
-75.7581
-75.7581
-75.7581
-75.7581
-75.7581
-75.7581
-75.7582
-75.7582
-75.7582
-75.7582
-75.7582
-75.7582
-75.7582
-75.7583
-75.7583
-75.7583
-75.7583
-75.7583
-75.7583
-75.7583
-75.7584
-75.7584
-75.7584
-75.7584
-75.7584
-75.7584
-75.7584
-75.7585
-75.7585
-75.7585
-75.7585
-75.7585
-75.7585
-75.7585
-75.7586
-75.7586
-75.7586
-75.7586
-75.7586
-75.7586
-75.7586
-75.7587
-75.7587
-75.7587
-75.7587
-75.7587
-75.7587
-75.7587
-75.7588
-75.7588
-75.7588
-75.7588
-75.7588
-75.7588
-75.7588
-75.7589
-75.7589
-75.7589
-75.7589
-75.7589
-75.7589
-75.7589
-75.759
-75.759
-75.759
-75.759
-75.759
-75.759
-75.7591
-75.7591
-75.7591
-75.7591
-75.7591
-75.7591
-75.7591
-75.7592
-75.7592
-75.7592
-75.7592
-75.7592
-75.7592
-75.7592
-75.7593
-75.7593
-75.7593
-75.7593
-75.7593
-75.7593
-75.7593
-75.7594
-75.7594
-75.7594
-75.7594
-75.7594
-75.7594
-75.7594
-75.7595
-75.7595
-75.7595
-75.7595
-75.7595
-75.7595
-75.7595
-75.7596
-75.7596
-75.7596
-75.7596
-75.7596
-75.7596
-75.7596
-75.7597
-75.7597
-75.7597
-75.7597
-75.7597
-75.7597
-75.7597
-75.7598
-75.7598
-75.7598
-75.7598
-75.7598
-75.7598
-75.7598
-75.7599
-75.7599
-75.7599
-75.7599
-75.7599
-75.7599
-75.7599
-75.76
-75.76
-75.76
-75.76
-75.76
-75.76
-75.76
-75.7601
-75.7601
-75.7601
-75.7601
-75.7601
-75.7601
-75.7601
-75.7602
-75.7602
-75.7602
-75.7602
-75.7602
-75.7602
-75.7602
-75.7603
-75.7603
-75.7603
-75.7603
-75.7603
-75.7603
-75.7603
-75.7604
-75.7604
-75.7604
-75.7604
-75.7604
-75.7604
-75.7604
-75.7605
-75.7605
-75.7605
-75.7605
-75.7605
-75.7605
-75.7605
-75.7606
-75.7606
-75.7606
-75.7606
-75.7606
-75.7606
-75.7606
-75.7607
-75.7607
-75.7607
-75.7607
-75.7607
-75.7607
-75.7607
-75.7608
-75.7608
-75.7608
-75.7608
-75.7608
-75.7608
-75.7608
-75.7608
-75.7609
-75.7609
-75.7609
-75.7609
-75.7609
-75.7609
-75.7609
-75.761
-75.761
-75.761
-75.761
-75.761
-75.761
-75.761
-75.7611
-75.7611
-75.7611
-75.7611
-75.7611
-75.7611
-75.7611
-75.7612
-75.7612
-75.7612
-75.7612
-75.7612
-75.7612
-75.7612
-75.7613
-75.7613
-75.7613
-75.7613
-75.7613
-75.7613
-75.7613
-75.7614
-75.7614
-75.7614
-75.7614
-75.7614
-75.7614
-75.7614
-75.7615
-75.7615
-75.7615
-75.7615
-75.7615
-75.7615
-75.7615
-75.7616
-75.7616
-75.7616
-75.7616
-75.7616
-75.7616
-75.7616
-75.7617
-75.7617
-75.7617
-75.7617
-75.7617
-75.7617
-75.7617
-75.7617
-75.7618
-75.7618
-75.7618
-75.7618
-75.7618
-75.7618
-75.7618
-75.7619
-75.7619
-75.7619
-75.7619
-75.7619
-75.7619
-75.7619
-75.762
-75.762
-75.762
-75.762
-75.762
-75.762
-75.762
-75.7621
-75.7621
-75.7621
-75.7621
-75.7621
-75.7621
-75.7621
-75.7622
-75.7622
-75.7622
-75.7622
-75.7622
-75.7622
-75.7622
-75.7623
-75.7623
-75.7623
-75.7623
-75.7623
-75.7623
-75.7623
-75.7623
-75.7624
-75.7624
-75.7624
-75.7624
-75.7624
-75.7624
-75.7624
-75.7625
-75.7625
-75.7625
-75.7625
-75.7625
-75.7625
-75.7625
-75.7626
-75.7626
-75.7626
-75.7626
-75.7626
-75.7626
-75.7626
-75.7627
-75.7627
-75.7627
-75.7627
-75.7627
-75.7627
-75.7627
-75.7627
-75.7628
-75.7628
-75.7628
-75.7628
-75.7628
-75.7628
-75.7628
-75.7629
-75.7629
-75.7629
-75.7629
-75.7629
-75.7629
-75.7629
-75.763
-75.763
-75.763
-75.763
-75.763
-75.763
-75.763
-75.763
-75.7631
-75.7631
-75.7631
-75.7631
-75.7631
-75.7631
-75.7631
-75.7632
-75.7632
-75.7632
-75.7632
-75.7632
-75.7632
-75.7632
-75.7633
-75.7633
-75.7633
-75.7633
-75.7633
-75.7633
-75.7633
-75.7634
-75.7634
-75.7634
-75.7634
-75.7634
-75.7634
-75.7634
-75.7634
-75.7635
-75.7635
-75.7635
-75.7635
-75.7635
-75.7635
-75.7635
-75.7636
-75.7636
-75.7636
-75.7636
-75.7636
-75.7636
-75.7636
-75.7637
-75.7637
-75.7637
-75.7637
-75.7637
-75.7637
-75.7637
-75.7637
-75.7638
-75.7638
-75.7638
-75.7638
-75.7638
-75.7638
-75.7638
-75.7639
-75.7639
-75.7639
-75.7639
-75.7639
-75.7639
-75.7639
-75.7639
-75.764
-75.764
-75.764
-75.764
-75.764
-75.764
-75.764
-75.7641
-75.7641
-75.7641
-75.7641
-75.7641
-75.7641
-75.7641
-75.7642
-75.7642
-75.7642
-75.7642
-75.7642
-75.7642
-75.7642
-75.7642
-75.7643
-75.7643
-75.7643
-75.7643
-75.7643
-75.7643
-75.7643
-75.7644
-75.7644
-75.7644
-75.7644
-75.7644
-75.7644
-75.7644
-75.7644
-75.7645
-75.7645
-75.7645
-75.7645
-75.7645
-75.7645
-75.7645
-75.7646
-75.7646
-75.7646
-75.7646
-75.7646
-75.7646
-75.7646
-75.7646
-75.7647
-75.7647
-75.7647
-75.7647
-75.7647
-75.7647
-75.7647
-75.7648
-75.7648
-75.7648
-75.7648
-75.7648
-75.7648
-75.7648
-75.7648
-75.7649
-75.7649
-75.7649
-75.7649
-75.7649
-75.7649
-75.7649
-75.765
-75.765
-75.765
-75.765
-75.765
-75.765
-75.765
-75.765
-75.7651
-75.7651
-75.7651
-75.7651
-75.7651
-75.7651
-75.7651
-75.7652
-75.7652
-75.7652
-75.7652
-75.7652
-75.7652
-75.7652
-75.7652
-75.7653
-75.7653
-75.7653
-75.7653
-75.7653
-75.7653
-75.7653
-75.7654
-75.7654
-75.7654
-75.7654
-75.7654
-75.7654
-75.7654
-75.7654
-75.7655
-75.7655
-75.7655
-75.7655
-75.7655
-75.7655
-75.7655
-75.7655
-75.7656
-75.7656
-75.7656
-75.7656
-75.7656
-75.7656
-75.7656
-75.7657
-75.7657
-75.7657
-75.7657
-75.7657
-75.7657
-75.7657
-75.7657
-75.7658
-75.7658
-75.7658
-75.7658
-75.7658
-75.7658
-75.7658
-75.7659
-75.7659
-75.7659
-75.7659
-75.7659
-75.7659
-75.7659
-75.7659
-75.766
-75.766
-75.766
-75.766
-75.766
-75.766
-75.766
-75.766
-75.7661
-75.7661
-75.7661
-75.7661
-75.7661
-75.7661
-75.7661
-75.7662
-75.7662
-75.7662
-75.7662
-75.7662
-75.7662
-75.7662
-75.7662
-75.7663
-75.7663
-75.7663
-75.7663
-75.7663
-75.7663
-75.7663
-75.7663
-75.7664
-75.7664
-75.7664
-75.7664
-75.7664
-75.7664
-75.7664
-75.7664
-75.7665
-75.7665
-75.7665
-75.7665
-75.7665
-75.7665
-75.7665
-75.7666
-75.7666
-75.7666
-75.7666
-75.7666
-75.7666
-75.7666
-75.7666
-75.7667
-75.7667
-75.7667
-75.7667
-75.7667
-75.7667
-75.7667
-75.7667
-75.7668
-75.7668
-75.7668
-75.7668
-75.7668
-75.7668
-75.7668
-75.7668
-75.7669
-75.7669
-75.7669
-75.7669
-75.7669
-75.7669
-75.7669
-75.767
-75.767
-75.767
-75.767
-75.767
-75.767
-75.767
-75.767
-75.7671
-75.7671
-75.7671
-75.7671
-75.7671
-75.7671
-75.7671
-75.7671
-75.7672
-75.7672
-75.7672
-75.7672
-75.7672
-75.7672
-75.7672
-75.7672
-75.7673
-75.7673
-75.7673
-75.7673
-75.7673
-75.7673
-75.7673
-75.7673
-75.7674
-75.7674
-75.7674
-75.7674
-75.7674
-75.7674
-75.7674
-75.7674
-75.7675
-75.7675
-75.7675
-75.7675
-75.7675
-75.7675
-75.7675
-75.7676
-75.7676
-75.7676
-75.7676
-75.7676
-75.7676
-75.7676
-75.7676
-75.7677
-75.7677
-75.7677
-75.7677
-75.7677
-75.7677
-75.7677
-75.7677
-75.7678
-75.7678
-75.7678
-75.7678
-75.7678
-75.7678
-75.7678
-75.7678
-75.7679
-75.7679
-75.7679
-75.7679
-75.7679
-75.7679
-75.7679
-75.7679
-75.768
-75.768
-75.768
-75.768
-75.768
-75.768
-75.768
-75.768
-75.7681
-75.7681
-75.7681
-75.7681
-75.7681
-75.7681
-75.7681
-75.7681
-75.7682
-75.7682
-75.7682
-75.7682
-75.7682
-75.7682
-75.7682
-75.7682
-75.7683
-75.7683
-75.7683
-75.7683
-75.7683
-75.7683
-75.7683
-75.7683
-75.7684
-75.7684
-75.7684
-75.7684
-75.7684
-75.7684
-75.7684
-75.7684
-75.7685
-75.7685
-75.7685
-75.7685
-75.7685
-75.7685
-75.7685
-75.7685
-75.7686
-75.7686
-75.7686
-75.7686
-75.7686
-75.7686
-75.7686
-75.7686
-75.7687
-75.7687
-75.7687
-75.7687
-75.7687
-75.7687
-75.7687
-75.7687
-75.7688
-75.7688
-75.7688
-75.7688
-75.7688
-75.7688
-75.7688
-75.7688
-75.7689
-75.7689
-75.7689
-75.7689
-75.7689
-75.7689
-75.7689
-75.7689
-75.7689
-75.769
-75.769
-75.769
-75.769
-75.769
-75.769
-75.769
-75.769
-75.7691
-75.7691
-75.7691
-75.7691
-75.7691
-75.7691
-75.7691
-75.7691
-75.7692
-75.7692
-75.7692
-75.7692
-75.7692
-75.7692
-75.7692
-75.7692
-75.7693
-75.7693
-75.7693
-75.7693
-75.7693
-75.7693
-75.7693
-75.7693
-75.7694
-75.7694
-75.7694
-75.7694
-75.7694
-75.7694
-75.7694
-75.7694
-75.7695
-75.7695
-75.7695
-75.7695
-75.7695
-75.7695
-75.7695
-75.7695
-75.7695
-75.7696
-75.7696
-75.7696
-75.7696
-75.7696
-75.7696
-75.7696
-75.7696
-75.7697
-75.7697
-75.7697
-75.7697
-75.7697
-75.7697
-75.7697
-75.7697
-75.7698
-75.7698
-75.7698
-75.7698
-75.7698
-75.7698
-75.7698
-75.7698
-75.7698
-75.7699
-75.7699
-75.7699
-75.7699
-75.7699
-75.7699
-75.7699
-75.7699
-75.77
-75.77
-75.77
-75.77
-75.77
-75.77
-75.77
-75.77
-75.7701
-75.7701
-75.7701
-75.7701
-75.7701
-75.7701
-75.7701
-75.7701
-75.7701
-75.7702
-75.7702
-75.7702
-75.7702
-75.7702
-75.7702
-75.7702
-75.7702
-75.7703
-75.7703
-75.7703
-75.7703
-75.7703
-75.7703
-75.7703
-75.7703
-75.7704
-75.7704
-75.7704
-75.7704
-75.7704
-75.7704
-75.7704
-75.7704
-75.7704
-75.7705
-75.7705
-75.7705
-75.7705
-75.7705
-75.7705
-75.7705
-75.7705
-75.7706
-75.7706
-75.7706
-75.7706
-75.7706
-75.7706
-75.7706
-75.7706
-75.7706
-75.7707
-75.7707
-75.7707
-75.7707
-75.7707
-75.7707
-75.7707
-75.7707
-75.7708
-75.7708
-75.7708
-75.7708
-75.7708
-75.7708
-75.7708
-75.7708
-75.7709
-75.7709
-75.7709
-75.7709
-75.7709
-75.7709
-75.7709
-75.7709
-75.7709
-75.771
-75.771
-75.771
-75.771
-75.771
-75.771
-75.771
-75.771
-75.7711
-75.7711
-75.7711
-75.7711
-75.7711
-75.7711
-75.7711
-75.7711
-75.7711
-75.7712
-75.7712
-75.7712
-75.7712
-75.7712
-75.7712
-75.7712
-75.7712
-75.7712
-75.7713
-75.7713
-75.7713
-75.7713
-75.7713
-75.7713
-75.7713
-75.7713
-75.7714
-75.7714
-75.7714
-75.7714
-75.7714
-75.7714
-75.7714
-75.7714
-75.7714
-75.7715
-75.7715
-75.7715
-75.7715
-75.7715
-75.7715
-75.7715
-75.7715
-75.7716
-75.7716
-75.7716
-75.7716
-75.7716
-75.7716
-75.7716
-75.7716
-75.7716
-75.7717
-75.7717
-75.7717
-75.7717
-75.7717
-75.7717
-75.7717
-75.7717
-75.7717
-75.7718
-75.7718
-75.7718
-75.7718
-75.7718
-75.7718
-75.7718
-75.7718
-75.7719
-75.7719
-75.7719
-75.7719
-75.7719
-75.7719
-75.7719
-75.7719
-75.7719
-75.772
-75.772
-75.772
-75.772
-75.772
-75.772
-75.772
-75.772
-75.772
-75.7721
-75.7721
-75.7721
-75.7721
-75.7721
-75.7721
-75.7721
-75.7721
-75.7721
-75.7722
-75.7722
-75.7722
-75.7722
-75.7722
-75.7722
-75.7722
-75.7722
-75.7723
-75.7723
-75.7723
-75.7723
-75.7723
-75.7723
-75.7723
-75.7723
-75.7723
-75.7724
-75.7724
-75.7724
-75.7724
-75.7724
-75.7724
-75.7724
-75.7724
-75.7724
-75.7725
-75.7725
-75.7725
-75.7725
-75.7725
-75.7725
-75.7725
-75.7725
-75.7725
-75.7726
-75.7726
-75.7726
-75.7726
-75.7726
-75.7726
-75.7726
-75.7726
-75.7726
-75.7727
-75.7727
-75.7727
-75.7727
-75.7727
-75.7727
-75.7727
-75.7727
-75.7727
-75.7728
-75.7728
-75.7728
-75.7728
-75.7728
-75.7728
-75.7728
-75.7728
-75.7728
-75.7729
-75.7729
-75.7729
-75.7729
-75.7729
-75.7729
-75.7729

