-70
-70.0547
-70.1388
-70.2312
-70.3248
-70.4173
-70.5079
-70.5964
-70.6827
-70.7669
-70.8489
-70.9289
-71.0068
-71.0827
-71.1568
-71.229
-71.2994
-71.3681
-71.4351
-71.5004
-71.5643
-71.6266
-71.6874
-71.7468
-71.8049
-71.8617
-71.9171
-71.9714
-72.0244
-72.0763
-72.127
-72.1767
-72.2253
-72.2728
-72.3194
-72.365
-72.4097
-72.4534
-72.4963
-72.5383
-72.5795
-72.6199
-72.6594
-72.6983
-72.7363
-72.7736
-72.8103
-72.8462
-72.8814
-72.916
-72.95
-72.9833
-73.016
-73.0481
-73.0797
-73.1107
-73.1411
-73.171
-73.2003
-73.2292
-73.2575
-73.2854
-73.3127
-73.3396
-73.3661
-73.392
-73.4176
-73.4427
-73.4674
-73.4917
-73.5156
-73.5391
-73.5622
-73.5849
-73.6072
-73.6292
-73.6508
-73.6721
-73.693
-73.7136
-73.7339
-73.7539
-73.7735
-73.7928
-73.8118
-73.8305
-73.8489
-73.8671
-73.8849
-73.9025
-73.9198
-73.9368
-73.9536
-73.9701
-73.9864
-74.0024
-74.0181
-74.0337
-74.0489
-74.064
-74.0788
-74.0934
-74.1078
-74.122
-74.1359
-74.1497
-74.1632
-74.1765
-74.1897
-74.2026
-74.2153
-74.2279
-74.2403
-74.2525
-74.2645
-74.2763
-74.2879
-74.2994
-74.3107
-74.3219
-74.3329
-74.3437
-74.3543
-74.3648
-74.3752
-74.3854
-74.3954
-74.4053
-74.4151
-74.4247
-74.4342
-74.4435
-74.4527
-74.4618
-74.4707
-74.4795
-74.4882
-74.4968
-74.5052
-74.5135
-74.5217
-74.5298
-74.5377
-74.5456
-74.5533
-74.5609
-74.5684
-74.5758
-74.5831
-74.5902
-74.5973
-74.6043
-74.6112
-74.6179
-74.6246
-74.6312
-74.6377
-74.6441
-74.6504
-74.6566
-74.6627
-74.6687
-74.6747
-74.6805
-74.6863
-74.692
-74.6976
-74.7031
-74.7086
-74.7139
-74.7192
-74.7244
-74.7296
-74.7346
-74.7396
-74.7446
-74.7494
-74.7542
-74.7589
-74.7635
-74.7681
-74.7726
-74.7771
-74.7814
-74.7858
-74.79
-74.7942
-74.7983
-74.8024
-74.8064
-74.8104
-74.8143
-74.8181
-74.8219
-74.8256
-74.8293
-74.8329
-74.8365
-74.84
-74.8435
-74.8469
-74.8503
-74.8536
-74.8569
-74.8601
-74.8633
-74.8664
-74.8695
-74.8725
-74.8755
-74.8785
-74.8814
-74.8843
-74.8871
-74.8899
-74.8926
-74.8953
-74.898
-74.9006
-74.9032
-74.9058
-74.9083
-74.9108
-74.9132
-74.9156
-74.918
-74.9203
-74.9226
-74.9249
-74.9271
-74.9293
-74.9315
-74.9336
-74.9357
-74.9378
-74.9399
-74.9419
-74.9439
-74.9458
-74.9478
-74.9497
-74.9515
-74.9534
-74.9552
-74.957
-74.9587
-74.9605
-74.9622
-74.9639
-74.9655
-74.9672
-74.9688
-74.9704
-74.972
-74.9735
-74.975
-74.9765
-74.978
-74.9795
-74.9809
-74.9823
-74.9837
-74.9851
-74.9864
-74.9877
-74.9891
-74.9904
-74.9916
-74.9929
-74.9941
-74.9953
-74.9965
-74.9977
-74.9989
-75
-75.0012
-75.0023
-75.0034
-75.0044
-75.0055
-75.0066
-75.0076
-75.0086
-75.0096
-75.0106
-75.0116
-75.0125
-75.0135
-75.0144
-75.0153
-75.0162
-75.0171
-75.018
-75.0188
-75.0197
-75.0205
-75.0214
-75.0222
-75.023
-75.0238
-75.0245
-75.0253
-75.0261
-75.0268
-75.0275
-75.0282
-75.029
-75.0297
-75.0303
-75.031
-75.0317
-75.0323
-75.033
-75.0336
-75.0343
-75.0349
-75.0355
-75.0361
-75.0367
-75.0373
-75.0378
-75.0384
-75.039
-75.0395
-75.04
-75.0406
-75.0411
-75.0416
-75.0421
-75.0426
-75.0431
-75.0436
-75.0441
-75.0445
-75.045
-75.0455
-75.0459
-75.0464
-75.0468
-75.0472
-75.0476
-75.0481
-75.0485
-75.0489
-75.0493
-75.0497
-75.0501
-75.0504
-75.0508
-75.0512
-75.0515
-75.0519
-75.0522
-75.0526
-75.0529
-75.0533
-75.0536
-75.0539
-75.0542
-75.0546
-75.0549
-75.0552
-75.0555
-75.0558
-75.0561
-75.0564
-75.0566
-75.0569
-75.0572
-75.0575
-75.0577
-75.058
-75.0583
-75.0585
-75.0588
-75.059
-75.0593
-75.0595
-75.0597
-75.06
-75.0602
-75.0604
-75.0606
-75.0609
-75.0611
-75.0613
-75.0615
-75.0617
-75.0619
-75.0621
-75.0623
-75.0625
-75.0627
-75.0629
-75.063
-75.0632
-75.0634
-75.0636
-75.0637
-75.0639
-75.0641
-75.0642
-75.0644
-75.0646
-75.0647
-75.0649
-75.065
-75.0652
-75.0653
-75.0655
-75.0656
-75.0658
-75.0659
-75.066
-75.0662
-75.0663
-75.0664
-75.0666
-75.0667
-75.0668
-75.0669
-75.067
-75.0672
-75.0673
-75.0674
-75.0675
-75.0676
-75.0677
-75.0678
-75.0679
-75.068
-75.0681
-75.0682
-75.0683
-75.0684
-75.0685
-75.0686
-75.0687
-75.0688
-75.0689
-75.069
-75.0691
-75.0692
-75.0693
-75.0693
-75.0694
-75.0695
-75.0696
-75.0697
-75.0697
-75.0698
-75.0699
-75.07
-75.07
-75.0701
-75.0702
-75.0702
-75.0703
-75.0704
-75.0704
-75.0705
-75.0706
-75.0706
-75.0707
-75.0707
-75.0708
-75.0709
-75.0709
-75.071
-75.071
-75.0711
-75.0711
-75.0712
-75.0712
-75.0713
-75.0713
-75.0714
-75.0714
-75.0715
-75.0715
-75.0716
-75.0716
-75.0717
-75.0717
-75.0718
-75.0718
-75.0718
-75.0719
-75.0719
-75.072
-75.072
-75.072
-75.0721
-75.0721
-75.0722
-75.0722
-75.0722
-75.0723
-75.0723
-75.0723
-75.0724
-75.0724
-75.0724
-75.0725
-75.0725
-75.0725
-75.0725
-75.0726
-75.0726
-75.0726
-75.0727
-75.0727
-75.0727
-75.0727
-75.0728
-75.0728
-75.0728
-75.0728
-75.0729
-75.0729
-75.0729
-75.0729
-75.073
-75.073
-75.073
-75.073
-75.073
-75.0731
-75.0731
-75.0731
-75.0731
-75.0731
-75.0732
-75.0732
-75.0732
-75.0732
-75.0732
-75.0733
-75.0733
-75.0733
-75.0733
-75.0733
-75.0733
-75.0734
-75.0734
-75.0734
-75.0734
-75.0734
-75.0734
-75.0734
-75.0735
-75.0735
-75.0735
-75.0735
-75.0735
-75.0735
-75.0735
-75.0736
-75.0736
-75.0736
-75.0736
-75.0736
-75.0736
-75.0736
-75.0736
-75.0736
-75.0737
-75.0737
-75.0737
-75.0737
-75.0737
-75.0737
-75.0737
-75.0737
-75.0737
-75.0737
-75.0737
-75.0738
-75.0738
-75.0738
-75.0738
-75.0738
-75.0738
-75.0738
-75.0738
-75.0738
-75.0738
-75.0738
-75.0738
-75.0738
-75.0739
-75.0739
-75.0739
-75.0739
-75.0739
-75.0739
-75.0739
-75.0739
-75.0739
-75.0739
-75.0739
-75.0739
-75.0739
-75.0739
-75.0739
-75.0739
-75.0739
-75.0739
-75.074
-75.074
-75.074
-75.074
-75.074
-75.074
-75.074
-75.074
-75.074
-75.074
-75.074
-75.074
-75.074
-75.074
-75.074
-75.074
-75.074
-75.074
-75.074
-75.074
-75.074
-75.074
-75.074
-75.074
-75.074
-75.074
-75.074
-75.074
-75.074
-75.0741
-75.0741
-75.0741
-75.0741
-75.0741
-75.0741
-75.0741
-75.0741
-75.0741
-75.0741
-75.0741
-75.0741
-75.0741
-75.0741
-75.0741
-75.0741
-75.0741
-75.0741
-75.0741
-75.0741
-75.0741
-75.0741
-75.0741
-75.0741
-75.0741
-75.0741
-75.0741
-75.0741
-75.0741
-75.0741
-75.0741
-75.0741
-75.0741
-75.0741
-75.0741
-75.0741
-75.0741
-75.0741
-75.0741
-75.0741
-75.0741
-75.0741
-75.0741
-75.0741
-75.0741
-75.0741
-75.0741
-75.0741
-75.0741
-75.0741
-75.0741
-75.0741
-75.0741
-75.0741
-75.0741
-75.0741
-75.0741
-75.0741
-75.0741
-75.0741
-75.0741
-75.0741
-75.0741
-75.0741
-75.0741
-75.0741
-75.0741
-75.0741
-75.0741
-75.0741
-75.0741
-75.0741
-75.0741
-75.0741
-75.0741
-75.0741
-75.0741
-75.0741
-75.0741
-75.0741
-75.0741
-75.0741
-75.0741
-75.0741
-75.0741
-75.0741
-75.0741
-75.0741
-75.0741
-75.0741
-75.0741
-75.0741
-75.0741
-75.0741
-75.0741
-75.0741
-75.0741
-75.0741
-75.0741
-75.0741
-75.0741
-75.0741
-75.0741
-75.0741
-75.0741
-75.0741
-75.0741
-75.0742
-75.0742
-75.0742
-75.0742
-75.0742
-75.0742
-75.0742
-75.0742
-75.0742
-75.0742
-75.0742
-75.0742
-75.0742
-75.0742
-75.0742
-75.0742
-75.0742
-75.0742
-75.0742
-75.0742
-75.0742
-75.0742
-75.0742
-75.0742
-75.0742
-75.0742
-75.0742
-75.0742
-75.0742
-75.0742
-75.0742
-75.0742
-75.0742
-75.0742
-75.0742
-75.0742
-75.0742
-75.0742
-75.0742
-75.0742
-75.0742
-75.0742
-75.0742
-75.0742
-75.0742
-75.0742
-75.0742
-75.0742
-75.0742
-75.0742
-75.0742
-75.0742
-75.0742
-75.0742
-75.0742
-75.0742
-75.0742
-75.0742
-75.0742
-75.0742
-75.0742
-75.0742
-75.0742
-75.0742
-75.0742
-75.0742
-75.0742
-75.0742
-75.0742
-75.0742
-75.0742
-75.0742
-75.0742
-75.0742
-75.0742
-75.0742
-75.0742
-75.0742
-75.0742
-75.0742
-75.0742
-75.0742
-75.0742
-75.0742
-75.0742
-75.0742
-75.0742
-75.0742
-75.0742
-75.0742
-75.0742
-75.0742
-75.0742
-75.0742
-75.0742
-75.0742
-75.0742
-75.0742
-75.0742
-75.0742
-75.0742
-75.0742
-75.0742
-75.0742
-75.0742
-75.0742
-75.0742
-75.0742
-75.0742
-75.0742
-75.0742
-75.0742
-75.0742
-75.0742
-75.0742
-75.0742
-75.0742
-75.0742
-75.0742
-75.0742
-75.0742
-75.0742
-75.0742
-75.0742
-75.0742
-75.0742
-75.0742
-75.0742
-75.0742
-75.0742
-75.0742
-75.0742
-75.0742
-75.0742
-75.0742
-75.0742
-75.0742
-75.0742
-75.0742
-75.0742
-75.0742
-75.0742
-75.0742
-75.0742
-75.0742
-75.0742
-75.0742
-75.0742
-75.0742
-75.0742
-75.0742
-75.0742
-75.0742
-75.0742
-75.0742
-75.0742
-75.0742
-75.0742
-75.0742
-75.0742
-75.0742
-75.0742
-75.0742
-75.0742
-75.0742
-75.0742
-75.0742
-75.0742
-75.0742
-75.0742
-75.0742
-75.0742
-75.0742
-75.0742
-75.0742
-75.0742
-75.0742
-75.0742
-75.0742
-75.0742
-75.0742
-75.0742
-75.0742
-75.0742
-75.0742
-75.0742
-75.0742
-75.0742
-75.0742
-75.0742
-75.0742
-75.0742
-75.0742
-75.0742
-75.0742
-75.0742
-75.0742
-75.0742
-75.0742
-75.0742
-75.0742
-75.0742
-75.0742
-75.0742
-75.0742
-75.0742
-75.0742
-75.0742
-75.0742
-75.0742
-75.0742
-75.0742
-75.0742
-75.0742
-75.0742
-75.0742
-75.0742
-75.0742
-75.0742
-75.0742
-75.0742
-75.0742
-75.0742
-75.0742
-75.0742
-75.0742
-75.0742
-75.0742
-75.0742
-75.0742
-75.0742
-75.0742
-75.0742
-75.0742
-75.0742
-75.0742
-75.0742
-75.0742
-75.0742
-75.0742
-75.0742
-75.0742
-75.0742
-75.0742
-75.0742
-75.0742
-75.0743
-75.0743
-75.0743
-75.0743
-75.0743
-75.0743
-75.0743
-75.0743
-75.0743
-75.0743
-75.0743
-75.0743
-75.0743
-75.0743
-75.0743
-75.0743
-75.0743
-75.0743
-75.0743
-75.0743
-75.0743
-75.0743
-75.0743
-75.0743
-75.0743
-75.0743
-75.0743
-75.0743
-75.0743
-75.0743
-75.0743
-75.0743
-75.0743
-75.0743
-75.0743
-75.0743
-75.0743
-75.0743
-75.0743
-75.0743
-75.0743
-75.0743
-75.0743
-75.0743
-75.0743
-75.0743
-75.0743
-75.0743
-75.0743
-75.0743
-75.0743
-75.0743
-75.0743
-75.0743
-75.0743
-75.0743
-75.0743
-75.0743
-75.0743
-75.0743
-75.0743
-75.0743
-75.0743
-75.0743
-75.0743
-75.0743
-75.0743
-75.0743
-75.0743
-75.0743
-75.0743
-75.0743
-75.0743
-75.0743
-75.0743
-75.0743
-75.0743
-75.0743
-75.0743
-75.0743
-75.0743
-75.0743
-75.0743
-75.0743
-75.0743
-75.0743
-75.0743
-75.0743
-75.0743
-75.0743
-75.0743
-75.0743
-75.0743
-75.0743
-75.0743
-75.0743
-75.0743
-75.0743
-75.0743
-75.0743
-75.0743
-75.0743
-75.0743
-75.0743
-75.0743
-75.0743
-75.0743
-75.0743
-75.0743
-75.0743
-75.0743
-75.0744
-75.0744
-75.0744
-75.0744
-75.0744
-75.0744
-75.0744
-75.0744
-75.0744
-75.0744
-75.0744
-75.0744
-75.0744
-75.0744
-75.0744
-75.0744
-75.0744
-75.0744
-75.0744
-75.0744
-75.0744
-75.0744
-75.0744
-75.0744
-75.0744
-75.0744
-75.0744
-75.0744
-75.0744
-75.0744
-75.0744
-75.0744
-75.0744
-75.0744
-75.0744
-75.0744
-75.0744
-75.0744
-75.0744
-75.0744
-75.0744
-75.0744
-75.0744
-75.0744
-75.0744
-75.0744
-75.0744
-75.0744
-75.0744
-75.0744
-75.0744
-75.0744
-75.0744
-75.0744
-75.0744
-75.0744
-75.0744
-75.0744
-75.0744
-75.0744
-75.0744
-75.0744
-75.0744
-75.0744
-75.0744
-75.0744
-75.0744
-75.0744
-75.0744
-75.0744
-75.0744
-75.0744
-75.0744
-75.0744
-75.0744
-75.0744
-75.0744
-75.0744
-75.0744
-75.0744
-75.0744
-75.0744
-75.0744
-75.0744
-75.0744
-75.0744
-75.0744
-75.0744
-75.0744
-75.0744
-75.0744
-75.0744
-75.0744
-75.0745
-75.0745
-75.0745
-75.0745
-75.0745
-75.0745
-75.0745
-75.0745
-75.0745
-75.0745
-75.0745
-75.0745
-75.0745
-75.0745
-75.0745
-75.0745
-75.0745
-75.0745
-75.0745
-75.0745
-75.0745
-75.0745
-75.0745
-75.0745
-75.0745
-75.0745
-75.0745
-75.0745
-75.0745
-75.0745
-75.0745
-75.0745
-75.0745
-75.0745
-75.0745
-75.0745
-75.0745
-75.0745
-75.0745
-75.0745
-75.0745
-75.0745
-75.0745
-75.0745
-75.0745
-75.0745
-75.0745
-75.0745
-75.0745
-75.0745
-75.0745
-75.0745
-75.0745
-75.0745
-75.0745
-75.0745
-75.0745
-75.0745
-75.0745
-75.0745
-75.0745
-75.0745
-75.0745
-75.0745
-75.0745
-75.0745
-75.0745
-75.0745
-75.0745
-75.0745
-75.0745
-75.0745
-75.0745
-75.0745
-75.0745
-75.0745
-75.0745
-75.0745
-75.0745
-75.0745
-75.0745
-75.0745
-75.0745
-75.0745
-75.0745
-75.0746
-75.0746
-75.0746
-75.0746
-75.0746
-75.0746
-75.0746
-75.0746
-75.0746
-75.0746
-75.0746
-75.0746
-75.0746
-75.0746
-75.0746
-75.0746
-75.0746
-75.0746
-75.0746
-75.0746
-75.0746
-75.0746
-75.0746
-75.0746
-75.0746
-75.0746
-75.0746
-75.0746
-75.0746
-75.0746
-75.0746
-75.0746
-75.0746
-75.0746
-75.0746
-75.0746
-75.0746
-75.0746
-75.0746
-75.0746
-75.0746
-75.0746
-75.0746
-75.0746
-75.0746
-75.0746
-75.0746
-75.0746
-75.0746
-75.0746
-75.0746
-75.0746
-75.0746
-75.0746
-75.0746
-75.0746
-75.0746
-75.0746
-75.0746
-75.0746
-75.0746
-75.0746
-75.0746
-75.0746
-75.0746
-75.0746
-75.0746
-75.0746
-75.0746
-75.0746
-75.0746
-75.0746
-75.0746
-75.0746
-75.0746
-75.0746
-75.0746
-75.0746
-75.0746
-75.0746
-75.0747
-75.0747
-75.0747
-75.0747
-75.0747
-75.0747
-75.0747
-75.0747
-75.0747
-75.0747
-75.0747
-75.0747
-75.0747
-75.0747
-75.0747
-75.0747
-75.0747
-75.0747
-75.0747
-75.0747
-75.0747
-75.0747
-75.0747
-75.0747
-75.0747
-75.0747
-75.0747
-75.0747
-75.0747
-75.0747
-75.0747
-75.0747
-75.0747
-75.0747
-75.0747
-75.0747
-75.0747
-75.0747
-75.0747
-75.0747
-75.0747
-75.0747
-75.0747
-75.0747
-75.0747
-75.0747
-75.0747
-75.0747
-75.0747
-75.0747
-75.0747
-75.0747
-75.0747
-75.0747
-75.0747
-75.0747
-75.0747
-75.0747
-75.0747
-75.0747
-75.0747
-75.0747
-75.0747
-75.0747
-75.0747
-75.0747
-75.0747
-75.0747
-75.0747
-75.0747
-75.0747
-75.0747
-75.0747
-75.0747
-75.0747
-75.0747
-75.0747
-75.0747
-75.0748
-75.0748
-75.0748
-75.0748
-75.0748
-75.0748
-75.0748
-75.0748
-75.0748
-75.0748
-75.0748
-75.0748
-75.0748
-75.0748
-75.0748
-75.0748
-75.0748
-75.0748
-75.0748
-75.0748
-75.0748
-75.0748
-75.0748
-75.0748
-75.0748
-75.0748
-75.0748
-75.0748
-75.0748
-75.0748
-75.0748
-75.0748
-75.0748
-75.0748
-75.0748
-75.0748
-75.0748
-75.0748
-75.0748
-75.0748
-75.0748
-75.0748
-75.0748
-75.0748
-75.0748
-75.0748
-75.0748
-75.0748
-75.0748
-75.0748
-75.0748
-75.0748
-75.0748
-75.0748
-75.0748
-75.0748
-75.0748
-75.0748
-75.0748
-75.0748
-75.0748
-75.0748
-75.0748
-75.0748
-75.0748
-75.0748
-75.0748
-75.0748
-75.0748
-75.0748
-75.0748
-75.0748
-75.0748
-75.0748
-75.0748
-75.0748
-75.0748
-75.0749
-75.0749
-75.0749
-75.0749
-75.0749
-75.0749
-75.0749
-75.0749
-75.0749
-75.0749
-75.0749
-75.0749
-75.0749
-75.0749
-75.0749
-75.0749
-75.0749
-75.0749
-75.0749
-75.0749
-75.0749
-75.0749
-75.0749
-75.0749
-75.0749
-75.0749
-75.0749
-75.0749
-75.0749
-75.0749
-75.0749
-75.0749
-75.0749
-75.0749
-75.0749
-75.0749
-75.0749
-75.0749
-75.0749
-75.0749
-75.0749
-75.0749
-75.0749
-75.0749
-75.0749
-75.0749
-75.0749
-75.0749
-75.0749
-75.0749
-75.0749
-75.0749
-75.0749
-75.0749
-75.0749
-75.0749
-75.0749
-75.0749
-75.0749
-75.0749
-75.0749
-75.0749
-75.0749
-75.0749
-75.0749
-75.0749
-75.0749
-75.0749
-75.0749
-75.0749
-75.0749
-75.0749
-75.0749
-75.0749
-75.0749
-75.0749
-75.075
-75.075
-75.075
-75.075
-75.075
-75.075
-75.075
-75.075
-75.075
-75.075
-75.075
-75.075
-75.075
-75.075
-75.075
-75.075
-75.075
-75.075
-75.075
-75.075
-75.075
-75.075
-75.075
-75.075
-75.075
-75.075
-75.075
-75.075
-75.075
-75.075
-75.075
-75.075
-75.075
-75.075
-75.075
-75.075
-75.075
-75.075
-75.075
-75.075
-75.075
-75.075
-75.075
-75.075
-75.075
-75.075
-75.075
-75.075
-75.075
-75.075
-75.075
-75.075
-75.075
-75.075
-75.075
-75.075
-75.075
-75.075
-75.075
-75.075
-75.075
-75.075
-75.075
-75.075
-75.075
-75.075
-75.075
-75.075
-75.075
-75.075
-75.075
-75.075
-75.075
-75.075
-75.075
-75.0751
-75.0751
-75.0751
-75.0751
-75.0751
-75.0751
-75.0751
-75.0751
-75.0751
-75.0751
-75.0751
-75.0751
-75.0751
-75.0751
-75.0751
-75.0751
-75.0751
-75.0751
-75.0751
-75.0751
-75.0751
-75.0751
-75.0751
-75.0751
-75.0751
-75.0751
-75.0751
-75.0751
-75.0751
-75.0751
-75.0751
-75.0751
-75.0751
-75.0751
-75.0751
-75.0751
-75.0751
-75.0751
-75.0751
-75.0751
-75.0751
-75.0751
-75.0751
-75.0751
-75.0751
-75.0751
-75.0751
-75.0751
-75.0751
-75.0751
-75.0751
-75.0751
-75.0751
-75.0751
-75.0751
-75.0751
-75.0751
-75.0751
-75.0751
-75.0751
-75.0751
-75.0751
-75.0751
-75.0751
-75.0751
-75.0751
-75.0751
-75.0751
-75.0751
-75.0751
-75.0751
-75.0751
-75.0751
-75.0751
-75.0751
-75.0751
-75.0752
-75.0752
-75.0752
-75.0752
-75.0752
-75.0752
-75.0752
-75.0752
-75.0752
-75.0752
-75.0752
-75.0752
-75.0752
-75.0752
-75.0752
-75.0752
-75.0752
-75.0752
-75.0752
-75.0752
-75.0752
-75.0752
-75.0752
-75.0752
-75.0752
-75.0752
-75.0752
-75.0752
-75.0752
-75.0752
-75.0752
-75.0752
-75.0752
-75.0752
-75.0752
-75.0752
-75.0752
-75.0752
-75.0752
-75.0752
-75.0752
-75.0752
-75.0752
-75.0752
-75.0752
-75.0752
-75.0752
-75.0752
-75.0752
-75.0752
-75.0752
-75.0752
-75.0752
-75.0752
-75.0752
-75.0752
-75.0752
-75.0752
-75.0752
-75.0752
-75.0752
-75.0752
-75.0752
-75.0752
-75.0752
-75.0752
-75.0752
-75.0752
-75.0752
-75.0752
-75.0752
-75.0752
-75.0752
-75.0752
-75.0752
-75.0752
-75.0753
-75.0753
-75.0753
-75.0753
-75.0753
-75.0753
-75.0753
-75.0753
-75.0753
-75.0753
-75.0753
-75.0753
-75.0753
-75.0753
-75.0753
-75.0753
-75.0753
-75.0753
-75.0753
-75.0753
-75.0753
-75.0753
-75.0753
-75.0753
-75.0753
-75.0753
-75.0753
-75.0753
-75.0753
-75.0753
-75.0753
-75.0753
-75.0753
-75.0753
-75.0753
-75.0753
-75.0753
-75.0753
-75.0753
-75.0753
-75.0753
-75.0753
-75.0753
-75.0753
-75.0753
-75.0753
-75.0753
-75.0753
-75.0753
-75.0753
-75.0753
-75.0753
-75.0753
-75.0753
-75.0753
-75.0753
-75.0753
-75.0753
-75.0753
-75.0753
-75.0753
-75.0753
-75.0753
-75.0753
-75.0753
-75.0753
-75.0753
-75.0753
-75.0753
-75.0753
-75.0753
-75.0753
-75.0753
-75.0753
-75.0753
-75.0753
-75.0754
-75.0754
-75.0754
-75.0754
-75.0754
-75.0754
-75.0754
-75.0754
-75.0754
-75.0754
-75.0754
-75.0754
-75.0754
-75.0754
-75.0754
-75.0754
-75.0754
-75.0754
-75.0754
-75.0754
-75.0754
-75.0754
-75.0754
-75.0754
-75.0754
-75.0754
-75.0754
-75.0754
-75.0754
-75.0754
-75.0754
-75.0754
-75.0754
-75.0754
-75.0754
-75.0754
-75.0754
-75.0754
-75.0754
-75.0754
-75.0754
-75.0754
-75.0754
-75.0754
-75.0754
-75.0754
-75.0754
-75.0754
-75.0754
-75.0754
-75.0754
-75.0754
-75.0754
-75.0754
-75.0754
-75.0754
-75.0754
-75.0754
-75.0754
-75.0754
-75.0754
-75.0754
-75.0754
-75.0754
-75.0754
-75.0754
-75.0754
-75.0754
-75.0754
-75.0754
-75.0754
-75.0754
-75.0754
-75.0754
-75.0754
-75.0754
-75.0754
-75.0755
-75.0755
-75.0755
-75.0755
-75.0755
-75.0755
-75.0755
-75.0755
-75.0755
-75.0755
-75.0755
-75.0755
-75.0755
-75.0755
-75.0755
-75.0755
-75.0755
-75.0755
-75.0755
-75.0755
-75.0755
-75.0755
-75.0755
-75.0755
-75.0755
-75.0755
-75.0755
-75.0755
-75.0755
-75.0755
-75.0755
-75.0755
-75.0755
-75.0755
-75.0755
-75.0755
-75.0755
-75.0755
-75.0755
-75.0755
-75.0755
-75.0755
-75.0755
-75.0755
-75.0755
-75.0755
-75.0755
-75.0755
-75.0755
-75.0755
-75.0755
-75.0755
-75.0755
-75.0755
-75.0755
-75.0755
-75.0755
-75.0755
-75.0755
-75.0755
-75.0755
-75.0755
-75.0755
-75.0755
-75.0755
-75.0755
-75.0755
-75.0755
-75.0755
-75.0755
-75.0755
-75.0755
-75.0755
-75.0755
-75.0755
-75.0755
-75.0755
-75.0755
-75.0756
-75.0756
-75.0756
-75.0756
-75.0756
-75.0756
-75.0756
-75.0756
-75.0756
-75.0756
-75.0756
-75.0756
-75.0756
-75.0756
-75.0756
-75.0756
-75.0756
-75.0756
-75.0756
-75.0756
-75.0756
-75.0756
-75.0756
-75.0756
-75.0756
-75.0756
-75.0756
-75.0756
-75.0756
-75.0756
-75.0756
-75.0756
-75.0756
-75.0756
-75.0756
-75.0756
-75.0756
-75.0756
-75.0756
-75.0756
-75.0756
-75.0756
-75.0756
-75.0756
-75.0756
-75.0756
-75.0756
-75.0756
-75.0756
-75.0756
-75.0756
-75.0756
-75.0756
-75.0756
-75.0756
-75.0756
-75.0756
-75.0756
-75.0756
-75.0756
-75.0756
-75.0756
-75.0756
-75.0756
-75.0756
-75.0756
-75.0756
-75.0756
-75.0756
-75.0756
-75.0756
-75.0756
-75.0756
-75.0756
-75.0756
-75.0756
-75.0756
-75.0756
-75.0756
-75.0757
-75.0757
-75.0757
-75.0757
-75.0757
-75.0757
-75.0757
-75.0757
-75.0757
-75.0757
-75.0757
-75.0757
-75.0757
-75.0757
-75.0757
-75.0757
-75.0757
-75.0757
-75.0757
-75.0757
-75.0757
-75.0757
-75.0757
-75.0757
-75.0757
-75.0757
-75.0757
-75.0757
-75.0757
-75.0757
-75.0757
-75.0757
-75.0757
-75.0757
-75.0757
-75.0757
-75.0757
-75.0757
-75.0757
-75.0757
-75.0757
-75.0757
-75.0757
-75.0757
-75.0757
-75.0757
-75.0757
-75.0757
-75.0757
-75.0757
-75.0757
-75.0757
-75.0757
-75.0757
-75.0757
-75.0757
-75.0757
-75.0757
-75.0757
-75.0757
-75.0757
-75.0757
-75.0757
-75.0757
-75.0757
-75.0757
-75.0757
-75.0757
-75.0757
-75.0757
-75.0757
-75.0757
-75.0757
-75.0757
-75.0757
-75.0757
-75.0757
-75.0757
-75.0757
-75.0757
-75.0758
-75.0758
-75.0758
-75.0758
-75.0758
-75.0758
-75.0758
-75.0758
-75.0758
-75.0758
-75.0758
-75.0758
-75.0758
-75.0758
-75.0758
-75.0758
-75.0758
-75.0758
-75.0758
-75.0758
-75.0758
-75.0758
-75.0758
-75.0758
-75.0758
-75.0758
-75.0758
-75.0758
-75.0758
-75.0758
-75.0758
-75.0758
-75.0758
-75.0758
-75.0758
-75.0758
-75.0758
-75.0758
-75.0758
-75.0758
-75.0758
-75.0758
-75.0758
-75.0758
-75.0758
-75.0758
-75.0758
-75.0758
-75.0758
-75.0758
-75.0758
-75.0758
-75.0758
-75.0758
-75.0758
-75.0758
-75.0758
-75.0758
-75.0758
-75.0758
-75.0758
-75.0758
-75.0758
-75.0758
-75.0758
-75.0758
-75.0758
-75.0758
-75.0758
-75.0758
-75.0758
-75.0758
-75.0758
-75.0758
-75.0758
-75.0758
-75.0758
-75.0758
-75.0758
-75.0758
-75.0758
-75.0759
-75.0759
-75.0759
-75.0759
-75.0759
-75.0759
-75.0759
-75.0759
-75.0759
-75.0759
-75.0759
-75.0759
-75.0759
-75.0759
-75.0759
-75.0759
-75.0759
-75.0759
-75.0759
-75.0759
-75.0759
-75.0759
-75.0759
-75.0759
-75.0759
-75.0759
-75.0759
-75.0759
-75.0759
-75.0759
-75.0759
-75.0759
-75.0759
-75.0759
-75.0759
-75.0759
-75.0759
-75.0759
-75.0759
-75.0759
-75.0759
-75.0759
-75.0759
-75.0759
-75.0759
-75.0759
-75.0759
-75.0759
-75.0759
-75.0759
-75.0759
-75.0759
-75.0759
-75.0759
-75.0759
-75.0759
-75.0759
-75.0759
-75.0759
-75.0759
-75.0759
-75.0759
-75.0759
-75.0759
-75.0759
-75.0759
-75.0759
-75.0759
-75.0759
-75.0759
-75.0759
-75.0759
-75.0759
-75.0759
-75.0759
-75.0759
-75.0759
-75.0759
-75.0759
-75.0759
-75.0759
-75.0759
-75.0759
-75.0759
-75.076
-75.076
-75.076
-75.076
-75.076
-75.076
-75.076
-75.076
-75.076
-75.076
-75.076
-75.076
-75.076
-75.076
-75.076
-75.076
-75.076
-75.076
-75.076
-75.076
-75.076
-75.076
-75.076
-75.076
-75.076
-75.076
-75.076
-75.076
-75.076
-75.076
-75.076
-75.076
-75.076
-75.076
-75.076
-75.076
-75.076
-75.076
-75.076
-75.076
-75.076
-75.076
-75.076
-75.076
-75.076
-75.076
-75.076
-75.076
-75.076
-75.076
-75.076
-75.076
-75.076
-75.076
-75.076
-75.076
-75.076
-75.076
-75.076
-75.076
-75.076
-75.076
-75.076
-75.076
-75.076
-75.076
-75.076
-75.076
-75.076
-75.076
-75.076
-75.076
-75.076
-75.076
-75.076
-75.076
-75.076
-75.076
-75.076
-75.076
-75.076
-75.076
-75.076
-75.076
-75.0761
-75.0761
-75.0761
-75.0761
-75.0761
-75.0761
-75.0761
-75.0761
-75.0761
-75.0761
-75.0761
-75.0761
-75.0761
-75.0761
-75.0761
-75.0761
-75.0761
-75.0761
-75.0761
-75.0761
-75.0761
-75.0761
-75.0761
-75.0761
-75.0761
-75.0761
-75.0761
-75.0761
-75.0761
-75.0761
-75.0761
-75.0761
-75.0761
-75.0761
-75.0761
-75.0761
-75.0761
-75.0761
-75.0761
-75.0761
-75.0761
-75.0761
-75.0761
-75.0761
-75.0761
-75.0761
-75.0761
-75.0761
-75.0761
-75.0761
-75.0761
-75.0761
-75.0761
-75.0761
-75.0761
-75.0761
-75.0761
-75.0761
-75.0761
-75.0761
-75.0761
-75.0761
-75.0761
-75.0761
-75.0761
-75.0761
-75.0761
-75.0761
-75.0761
-75.0761
-75.0761
-75.0761
-75.0761
-75.0761
-75.0761
-75.0761
-75.0761
-75.0761
-75.0761
-75.0761
-75.0761
-75.0761
-75.0761
-75.0761
-75.0761
-75.0761
-75.0761
-75.0762
-75.0762
-75.0762
-75.0762
-75.0762
-75.0762
-75.0762
-75.0762
-75.0762
-75.0762
-75.0762
-75.0762
-75.0762
-75.0762
-75.0762
-75.0762
-75.0762
-75.0762
-75.0762
-75.0762
-75.0762
-75.0762
-75.0762
-75.0762
-75.0762
-75.0762
-75.0762
-75.0762
-75.0762
-75.0762
-75.0762
-75.0762
-75.0762
-75.0762
-75.0762
-75.0762
-75.0762
-75.0762
-75.0762
-75.0762
-75.0762
-75.0762
-75.0762
-75.0762
-75.0762
-75.0762
-75.0762
-75.0762
-75.0762
-75.0762
-75.0762
-75.0762
-75.0762
-75.0762
-75.0762
-75.0762
-75.0762
-75.0762
-75.0762
-75.0762
-75.0762
-75.0762
-75.0762
-75.0762
-75.0762
-75.0762
-75.0762
-75.0762
-75.0762
-75.0762
-75.0762
-75.0762
-75.0762
-75.0762
-75.0762
-75.0762
-75.0762
-75.0762
-75.0762
-75.0762
-75.0762
-75.0762
-75.0762
-75.0762
-75.0762
-75.0762
-75.0762
-75.0762
-75.0762
-75.0763
-75.0763
-75.0763
-75.0763
-75.0763
-75.0763
-75.0763
-75.0763
-75.0763
-75.0763
-75.0763
-75.0763
-75.0763
-75.0763
-75.0763
-75.0763
-75.0763
-75.0763
-75.0763
-75.0763
-75.0763
-75.0763
-75.0763
-75.0763
-75.0763
-75.0763
-75.0763
-75.0763
-75.0763
-75.0763
-75.0763
-75.0763
-75.0763
-75.0763
-75.0763
-75.0763
-75.0763
-75.0763
-75.0763
-75.0763
-75.0763
-75.0763
-75.0763
-75.0763
-75.0763
-75.0763
-75.0763
-75.0763
-75.0763
-75.0763
-75.0763
-75.0763
-75.0763
-75.0763
-75.0763
-75.0763
-75.0763
-75.0763
-75.0763
-75.0763
-75.0763
-75.0763
-75.0763
-75.0763
-75.0763
-75.0763
-75.0763
-75.0763
-75.0763
-75.0763
-75.0763
-75.0763
-75.0763
-75.0763
-75.0763
-75.0763
-75.0763
-75.0763
-75.0763
-75.0763
-75.0763
-75.0763
-75.0763
-75.0763
-75.0763
-75.0763
-75.0763
-75.0763
-75.0763
-75.0763
-75.0764
-75.0764
-75.0764
-75.0764
-75.0764
-75.0764
-75.0764
-75.0764
-75.0764
-75.0764
-75.0764
-75.0764
-75.0764
-75.0764
-75.0764
-75.0764
-75.0764
-75.0764
-75.0764
-75.0764
-75.0764
-75.0764
-75.0764
-75.0764
-75.0764
-75.0764
-75.0764
-75.0764
-75.0764
-75.0764
-75.0764
-75.0764
-75.0764
-75.0764
-75.0764
-75.0764
-75.0764
-75.0764
-75.0764
-75.0764
-75.0764
-75.0764
-75.0764
-75.0764
-75.0764
-75.0764
-75.0764
-75.0764
-75.0764
-75.0764
-75.0764
-75.0764
-75.0764
-75.0764
-75.0764
-75.0764
-75.0764
-75.0764
-75.0764
-75.0764
-75.0764
-75.0764
-75.0764
-75.0764
-75.0764
-75.0764
-75.0764
-75.0764
-75.0764
-75.0764
-75.0764
-75.0764
-75.0764
-75.0764
-75.0764
-75.0764
-75.0764
-75.0764
-75.0764
-75.0764
-75.0764
-75.0764
-75.0764
-75.0764
-75.0764
-75.0764
-75.0764
-75.0764
-75.0764
-75.0764
-75.0764
-75.0764
-75.0764
-75.0765
-75.0765
-75.0765
-75.0765
-75.0765
-75.0765
-75.0765
-75.0765
-75.0765
-75.0765
-75.0765
-75.0765
-75.0765
-75.0765
-75.0765
-75.0765
-75.0765
-75.0765
-75.0765
-75.0765
-75.0765
-75.0765
-75.0765
-75.0765
-75.0765
-75.0765
-75.0765
-75.0765
-75.0765
-75.0765
-75.0765
-75.0765
-75.0765
-75.0765
-75.0765
-75.0765
-75.0765
-75.0765
-75.0765
-75.0765
-75.0765
-75.0765
-75.0765
-75.0765
-75.0765
-75.0765
-75.0765
-75.0765
-75.0765
-75.0765
-75.0765
-75.0765
-75.0765
-75.0765
-75.0765
-75.0765
-75.0765
-75.0765
-75.0765
-75.0765
-75.0765
-75.0765
-75.0765
-75.0765
-75.0765
-75.0765
-75.0765
-75.0765
-75.0765
-75.0765
-75.0765
-75.0765
-75.0765
-75.0765
-75.0765
-75.0765
-75.0765
-75.0765
-75.0765
-75.0765
-75.0765
-75.0765
-75.0765
-75.0765
-75.0765
-75.0765
-75.0765
-75.0765
-75.0765
-75.0765
-75.0765
-75.0765
-75.0765
-75.0765
-75.0765
-75.0765
-75.0766
-75.0766
-75.0766
-75.0766
-75.0766
-75.0766
-75.0766
-75.0766
-75.0766
-75.0766
-75.0766
-75.0766
-75.0766
-75.0766
-75.0766
-75.0766
-75.0766
-75.0766
-75.0766
-75.0766
-75.0766
-75.0766
-75.0766
-75.0766
-75.0766
-75.0766
-75.0766
-75.0766
-75.0766
-75.0766
-75.0766
-75.0766
-75.0766
-75.0766
-75.0766
-75.0766
-75.0766
-75.0766
-75.0766
-75.0766
-75.0766
-75.0766
-75.0766
-75.0766
-75.0766
-75.0766
-75.0766
-75.0766
-75.0766
-75.0766
-75.0766
-75.0766
-75.0766
-75.0766
-75.0766
-75.0766
-75.0766
-75.0766
-75.0766
-75.0766
-75.0766
-75.0766
-75.0766
-75.0766
-75.0766
-75.0766
-75.0766
-75.0766
-75.0766
-75.0766
-75.0766
-75.0766
-75.0766
-75.0766
-75.0766
-75.0766
-75.0766
-75.0766
-75.0766
-75.0766
-75.0766
-75.0766
-75.0766
-75.0766
-75.0766
-75.0766
-75.0766
-75.0766
-75.0766
-75.0766
-75.0766
-75.0766
-75.0766
-75.0766
-75.0766
-75.0766
-75.0766
-75.0766
-75.0767
-75.0767
-75.0767
-75.0767
-75.0767
-75.0767
-75.0767
-75.0767
-75.0767
-75.0767
-75.0767
-75.0767
-75.0767
-75.0767
-75.0767
-75.0767
-75.0767
-75.0767
-75.0767
-75.0767
-75.0767
-75.0767
-75.0767
-75.0767
-75.0767
-75.0767
-75.0767
-75.0767
-75.0767
-75.0767
-75.0767
-75.0767
-75.0767
-75.0767
-75.0767
-75.0767
-75.0767
-75.0767
-75.0767
-75.0767
-75.0767
-75.0767
-75.0767
-75.0767
-75.0767
-75.0767
-75.0767
-75.0767
-75.0767
-75.0767
-75.0767
-75.0767
-75.0767
-75.0767
-75.0767
-75.0767
-75.0767
-75.0767
-75.0767
-75.0767
-75.0767
-75.0767
-75.0767
-75.0767
-75.0767
-75.0767
-75.0767
-75.0767
-75.0767
-75.0767
-75.0767
-75.0767
-75.0767
-75.0767
-75.0767
-75.0767
-75.0767
-75.0767
-75.0767
-75.0767
-75.0767
-75.0767
-75.0767
-75.0767
-75.0767
-75.0767
-75.0767
-75.0767
-75.0767
-75.0767
-75.0767
-75.0767
-75.0767
-75.0767
-75.0767
-75.0767
-75.0767
-75.0767
-75.0767
-75.0767
-75.0767
-75.0767
-75.0768
-75.0768
-75.0768
-75.0768
-75.0768
-75.0768
-75.0768
-75.0768
-75.0768
-75.0768
-75.0768
-75.0768
-75.0768
-75.0768
-75.0768
-75.0768
-75.0768
-75.0768
-75.0768
-75.0768
-75.0768
-75.0768
-75.0768
-75.0768
-75.0768
-75.0768
-75.0768
-75.0768
-75.0768
-75.0768
-75.0768
-75.0768
-75.0768
-75.0768
-75.0768
-75.0768
-75.0768
-75.0768
-75.0768
-75.0768
-75.0768
-75.0768
-75.0768
-75.0768
-75.0768
-75.0768
-75.0768
-75.0768
-75.0768
-75.0768
-75.0768
-75.0768
-75.0768
-75.0768
-75.0768
-75.0768
-75.0768
-75.0768
-75.0768
-75.0768
-75.0768
-75.0768
-75.0768
-75.0768
-75.0768
-75.0768
-75.0768
-75.0768
-75.0768
-75.0768
-75.0768
-75.0768
-75.0768
-75.0768
-75.0768
-75.0768
-75.0768
-75.0768
-75.0768
-75.0768
-75.0768
-75.0768
-75.0768
-75.0768
-75.0768
-75.0768
-75.0768
-75.0768
-75.0768
-75.0768
-75.0768
-75.0768
-75.0768
-75.0768
-75.0768
-75.0768
-75.0768
-75.0768
-75.0768
-75.0768
-75.0768
-75.0768
-75.0768
-75.0768
-75.0769
-75.0769
-75.0769
-75.0769
-75.0769
-75.0769
-75.0769
-75.0769
-75.0769
-75.0769
-75.0769
-75.0769
-75.0769
-75.0769
-75.0769
-75.0769
-75.0769
-75.0769
-75.0769
-75.0769
-75.0769
-75.0769
-75.0769
-75.0769
-75.0769
-75.0769
-75.0769
-75.0769
-75.0769
-75.0769
-75.0769
-75.0769
-75.0769
-75.0769
-75.0769
-75.0769
-75.0769
-75.0769
-75.0769
-75.0769
-75.0769
-75.0769
-75.0769
-75.0769
-75.0769
-75.0769
-75.0769
-75.0769
-75.0769
-75.0769
-75.0769
-75.0769
-75.0769
-75.0769
-75.0769
-75.0769
-75.0769
-75.0769
-75.0769
-75.0769
-75.0769
-75.0769
-75.0769
-75.0769
-75.0769
-75.0769
-75.0769
-75.0769
-75.0769
-75.0769
-75.0769
-75.0769
-75.0769
-75.0769
-75.0769
-75.0769
-75.0769
-75.0769
-75.0769
-75.0769
-75.0769
-75.0769
-75.0769
-75.0769
-75.0769
-75.0769
-75.0769
-75.0769
-75.0769
-75.0769
-75.0769
-75.0769
-75.0769
-75.0769
-75.0769
-75.0769
-75.0769
-75.0769
-75.0769
-75.0769
-75.0769
-75.0769
-75.0769
-75.0769
-75.0769
-75.0769
-75.0769
-75.0769
-75.077
-75.077
-75.077
-75.077
-75.077
-75.077
-75.077
-75.077
-75.077
-75.077
-75.077
-75.077
-75.077
-75.077
-75.077
-75.077
-75.077
-75.077
-75.077
-75.077
-75.077
-75.077
-75.077
-75.077
-75.077
-75.077
-75.077
-75.077
-75.077
-75.077
-75.077
-75.077
-75.077
-75.077
-75.077
-75.077
-75.077
-75.077
-75.077
-75.077
-75.077
-75.077
-75.077
-75.077
-75.077
-75.077
-75.077
-75.077
-75.077
-75.077
-75.077
-75.077
-75.077
-75.077
-75.077
-75.077
-75.077
-75.077
-75.077
-75.077
-75.077
-75.077
-75.077
-75.077
-75.077
-75.077
-75.077
-75.077
-75.077
-75.077
-75.077
-75.077
-75.077
-75.077
-75.077
-75.077
-75.077
-75.077
-75.077
-75.077
-75.077
-75.077
-75.077
-75.077
-75.077
-75.077
-75.077
-75.077
-75.077
-75.077
-75.077
-75.077
-75.077
-75.077
-75.077
-75.077
-75.077
-75.077
-75.077
-75.077
-75.077
-75.077
-75.077
-75.077
-75.077
-75.077
-75.077
-75.077
-75.077
-75.077
-75.077
-75.0771
-75.0771
-75.0771
-75.0771
-75.0771
-75.0771
-75.0771
-75.0771
-75.0771
-75.0771
-75.0771
-75.0771
-75.0771
-75.0771
-75.0771
-75.0771
-75.0771
-75.0771
-75.0771
-75.0771
-75.0771
-75.0771
-75.0771
-75.0771
-75.0771
-75.0771
-75.0771
-75.0771
-75.0771
-75.0771
-75.0771
-75.0771
-75.0771
-75.0771
-75.0771
-75.0771
-75.0771
-75.0771
-75.0771
-75.0771
-75.0771
-75.0771
-75.0771
-75.0771
-75.0771
-75.0771
-75.0771
-75.0771
-75.0771
-75.0771
-75.0771
-75.0771
-75.0771
-75.0771
-75.0771
-75.0771
-75.0771
-75.0771
-75.0771
-75.0771
-75.0771
-75.0771
-75.0771
-75.0771
-75.0771
-75.0771
-75.0771
-75.0771
-75.0771
-75.0771
-75.0771
-75.0771
-75.0771
-75.0771
-75.0771
-75.0771
-75.0771
-75.0771
-75.0771
-75.0771
-75.0771
-75.0771
-75.0771
-75.0771
-75.0771
-75.0771
-75.0771
-75.0771
-75.0771
-75.0771
-75.0771
-75.0771
-75.0771
-75.0771
-75.0771
-75.0771
-75.0771
-75.0771
-75.0771
-75.0771
-75.0771
-75.0771
-75.0771
-75.0771
-75.0771
-75.0771
-75.0771
-75.0771
-75.0771
-75.0771
-75.0771
-75.0771
-75.0771
-75.0771
-75.0771
-75.0772
-75.0772
-75.0772
-75.0772
-75.0772
-75.0772
-75.0772
-75.0772
-75.0772
-75.0772
-75.0772
-75.0772
-75.0772
-75.0772
-75.0772
-75.0772
-75.0772
-75.0772
-75.0772
-75.0772
-75.0772
-75.0772
-75.0772
-75.0772
-75.0772
-75.0772
-75.0772
-75.0772
-75.0772
-75.0772
-75.0772
-75.0772
-75.0772
-75.0772
-75.0772
-75.0772
-75.0772
-75.0772
-75.0772
-75.0772
-75.0772
-75.0772
-75.0772
-75.0772
-75.0772
-75.0772
-75.0772
-75.0772
-75.0772
-75.0772
-75.0772
-75.0772
-75.0772
-75.0772
-75.0772
-75.0772
-75.0772
-75.0772
-75.0772
-75.0772
-75.0772
-75.0772
-75.0772
-75.0772
-75.0772
-75.0772
-75.0772
-75.0772
-75.0772
-75.0772
-75.0772
-75.0772
-75.0772
-75.0772
-75.0772
-75.0772
-75.0772
-75.0772
-75.0772
-75.0772
-75.0772
-75.0772
-75.0772
-75.0772
-75.0772
-75.0772
-75.0772
-75.0772
-75.0772
-75.0772
-75.0772
-75.0772
-75.0772
-75.0772
-75.0772
-75.0772
-75.0772
-75.0772
-75.0772
-75.0772
-75.0772
-75.0772
-75.0772
-75.0772
-75.0772
-75.0772
-75.0772
-75.0772
-75.0772
-75.0772
-75.0772
-75.0772
-75.0772
-75.0772
-75.0772
-75.0772
-75.0772
-75.0772
-75.0772
-75.0772
-75.0773
-75.0773
-75.0773
-75.0773
-75.0773
-75.0773
-75.0773
-75.0773
-75.0773
-75.0773
-75.0773
-75.0773
-75.0773
-75.0773
-75.0773
-75.0773
-75.0773
-75.0773
-75.0773
-75.0773
-75.0773
-75.0773
-75.0773
-75.0773
-75.0773
-75.0773
-75.0773
-75.0773
-75.0773
-75.0773
-75.0773
-75.0773
-75.0773
-75.0773
-75.0773
-75.0773
-75.0773
-75.0773
-75.0773
-75.0773
-75.0773
-75.0773
-75.0773
-75.0773
-75.0773
-75.0773
-75.0773
-75.0773
-75.0773
-75.0773
-75.0773
-75.0773
-75.0773
-75.0773
-75.0773
-75.0773
-75.0773
-75.0773
-75.0773
-75.0773
-75.0773
-75.0773
-75.0773
-75.0773
-75.0773
-75.0773
-75.0773
-75.0773
-75.0773
-75.0773
-75.0773
-75.0773
-75.0773
-75.0773
-75.0773
-75.0773
-75.0773
-75.0773
-75.0773
-75.0773
-75.0773
-75.0773
-75.0773
-75.0773
-75.0773
-75.0773
-75.0773
-75.0773
-75.0773
-75.0773
-75.0773
-75.0773
-75.0773
-75.0773
-75.0773
-75.0773
-75.0773
-75.0773
-75.0773
-75.0773
-75.0773
-75.0773
-75.0773
-75.0773
-75.0773
-75.0773
-75.0773
-75.0773
-75.0773
-75.0773
-75.0773
-75.0773
-75.0773
-75.0773
-75.0773
-75.0773
-75.0773
-75.0773
-75.0773
-75.0773
-75.0773
-75.0773
-75.0773
-75.0773
-75.0774
-75.0774
-75.0774
-75.0774
-75.0774
-75.0774
-75.0774
-75.0774
-75.0774
-75.0774
-75.0774
-75.0774
-75.0774
-75.0774
-75.0774
-75.0774
-75.0774
-75.0774
-75.0774
-75.0774
-75.0774
-75.0774
-75.0774
-75.0774
-75.0774
-75.0774
-75.0774
-75.0774
-75.0774
-75.0774
-75.0774
-75.0774
-75.0774
-75.0774
-75.0774
-75.0774
-75.0774
-75.0774
-75.0774
-75.0774
-75.0774
-75.0774
-75.0774
-75.0774
-75.0774
-75.0774
-75.0774
-75.0774
-75.0774
-75.0774
-75.0774
-75.0774
-75.0774
-75.0774
-75.0774
-75.0774
-75.0774
-75.0774
-75.0774
-75.0774
-75.0774
-75.0774
-75.0774
-75.0774
-75.0774
-75.0774
-75.0774
-75.0774
-75.0774
-75.0774
-75.0774
-75.0774
-75.0774
-75.0774
-75.0774
-75.0774
-75.0774
-75.0774
-75.0774
-75.0774
-75.0774
-75.0774
-75.0774
-75.0774
-75.0774
-75.0774
-75.0774
-75.0774
-75.0774
-75.0774
-75.0774
-75.0774
-75.0774
-75.0774
-75.0774
-75.0774
-75.0774
-75.0774
-75.0774
-75.0774
-75.0774
-75.0774
-75.0774
-75.0774
-75.0774
-75.0774
-75.0774
-75.0774
-75.0774
-75.0774
-75.0774
-75.0774
-75.0774
-75.0774
-75.0774
-75.0774
-75.0774
-75.0774
-75.0774
-75.0774
-75.0774
-75.0774
-75.0774
-75.0774
-75.0774
-75.0774
-75.0774
-75.0774
-75.0775
-75.0775
-75.0775
-75.0775
-75.0775
-75.0775
-75.0775
-75.0775
-75.0775
-75.0775
-75.0775
-75.0775
-75.0775
-75.0775
-75.0775
-75.0775
-75.0775
-75.0775
-75.0775
-75.0775
-75.0775
-75.0775
-75.0775
-75.0775
-75.0775
-75.0775
-75.0775
-75.0775
-75.0775
-75.0775
-75.0775
-75.0775
-75.0775
-75.0775
-75.0775
-75.0775
-75.0775
-75.0775
-75.0775
-75.0775
-75.0775
-75.0775
-75.0775
-75.0775
-75.0775
-75.0775
-75.0775
-75.0775
-75.0775
-75.0775
-75.0775
-75.0775
-75.0775
-75.0775
-75.0775
-75.0775
-75.0775
-75.0775
-75.0775
-75.0775
-75.0775
-75.0775
-75.0775
-75.0775
-75.0775
-75.0775
-75.0775
-75.0775
-75.0775
-75.0775
-75.0775
-75.0775
-75.0775
-75.0775
-75.0775
-75.0775
-75.0775
-75.0775
-75.0775
-75.0775
-73.7758
-72.9839
-72.3678
-71.8173
-71.2958
-70.7918
-70.3014
-69.8237
-69.3586
-68.906
-68.4663
-68.0394
-67.6255
-67.2247
-66.837
-66.4624
-66.101
-65.7527
-65.4173
-65.0948
-64.785
-64.4878
-64.2029
-63.9301
-63.6692
-63.42
-63.182
-62.9551
-62.7388
-62.533
-62.3371
-62.151
-61.9741
-61.8062
-61.6469
-61.4958
-61.3525
-61.2168
-61.0881
-60.9662
-60.8507
-60.7413
-60.6376
-60.5393
-60.4461
-60.3577
-60.2737
-60.194
-60.1181
-60.0459
-59.9772
-59.9115
-59.8488
-59.7889
-59.7314
-59.6763
-59.6233
-59.5724
-59.5232
-59.4757
-59.4297
-59.3851
-59.3417
-59.2996
-59.2585
-59.2183
-59.179
-59.1405
-59.1027
-59.0655
-59.0289
-58.9928
-58.9572
-58.922
-58.8871
-58.8525
-58.8183
-58.7842
-58.7504
-58.7168
-58.6833
-58.65
-58.6168
-58.5837
-58.5506
-58.5177
-58.4848
-58.4519
-58.4191
-58.3862
-58.3534
-58.3206
-58.2879
-58.2551
-58.2223
-58.1894
-58.1566
-58.1237
-58.0909
-58.058
-58.025
-57.9921
-57.9591
-57.926
-57.893
-57.8599
-57.8268
-57.7936
-57.7604
-57.7272
-57.6939
-57.6606
-57.6272
-57.5939
-57.5605
-57.527
-57.4935
-57.46
-57.4264
-57.3928
-57.3592
-57.3255
-57.2918
-57.2581
-57.2243
-57.1905
-57.1566
-57.1227
-57.0888
-57.0548
-57.0208
-56.9867
-56.9526
-56.9185
-56.8843
-56.8501
-56.8158
-56.7815
-56.7472
-56.7128
-56.6783
-56.6439
-56.6093
-56.5747
-56.5401
-56.5054
-56.4707
-56.4359
-56.4011
-56.3662
-56.3313
-56.2963
-56.2612
-56.2261
-56.191
-56.1558
-56.1205
-56.0851
-56.0497
-56.0143
-55.9788
-55.9432
-55.9075
-55.8718
-55.836
-55.8001
-55.7642
-55.7281
-55.6921
-55.6559
-55.6196
-55.5833
-55.5469
-55.5104
-55.4739
-55.4372
-55.4005
-55.3636
-55.3267
-55.2897
-55.2526
-55.2154
-55.1781
-55.1407
-55.1032
-55.0656
-55.0279
-54.9901
-54.9522
-54.9141
-54.876
-54.8377
-54.7993
-54.7608
-54.7222
-54.6834
-54.6445
-54.6055
-54.5663
-54.527
-54.4876
-54.448
-54.4083
-54.3684
-54.3284
-54.2882
-54.2479
-54.2074
-54.1667
-54.1259
-54.0849
-54.0437
-54.0023
-53.9608
-53.919
-53.8771
-53.8349
-53.7926
-53.7501
-53.7073
-53.6643
-53.6211
-53.5777
-53.534
-53.4901
-53.4459
-53.4015
-53.3568
-53.3119
-53.2667
-53.2212
-53.1754
-53.1294
-53.083
-53.0363
-52.9893
-52.9419
-52.8942
-52.8462
-52.7978
-52.7491
-52.6999
-52.6504
-52.6004
-52.5501
-52.4993
-52.4481
-52.3964
-52.3442
-52.2915
-52.2384
-52.1847
-52.1304
-52.0756
-52.0203
-51.9643
-51.9077
-51.8504
-51.7925
-51.7338
-51.6744
-51.6143
-51.5534
-51.4916
-51.429
-51.3655
-51.301
-51.2355
-51.1691
-51.1015
-51.0328
-50.9629
-50.8917
-50.8192
-50.7453
-50.67
-50.5931
-50.5145
-50.4342
-50.352
-50.2678
-50.1815
-50.093
-50.002
-49.9084
-49.812
-49.7126
-49.61
-49.5037
-49.3937
-49.2793
-49.1604
-49.0364
-48.9067
-48.7707
-48.6278
-48.4769
-48.3172
-48.1472
-47.9656
-47.7704
-47.5593
-47.3292
-47.0764
-46.7957
-46.4801
-46.1198
-45.7006
-45.2005
-44.5838
-43.7871
-42.6837
-40.9718
-37.6873
-27.3711
16.1376
26.6267
25.8911
16.1697
3.2057
-9.77928
-22.2016
-34.0463
-44.8662
-53.2559
-59.0633
-63.0084
-65.6889
-67.511
-68.7471
-69.5796
-70.1311
-70.4846
-70.697
-70.8076
-70.8446
-70.8279
-70.7723
-70.6885
-70.5848
-70.4671
-70.3402
-70.2075
-70.0717
-69.9348
-69.7982
-69.6631
-69.5303
-69.4004
-69.2738
-69.1507
-69.0314
-68.9159
-68.8041
-68.6962
-68.5919
-68.4912
-68.3941
-68.3003
-68.2097
-68.1222
-68.0377
-67.956
-67.8769
-67.8004
-67.7263
-67.6544
-67.5847
-67.517
-67.4513
-67.3873
-67.3251
-67.2645
-67.2054
-67.1477
-67.0914
-67.0363
-66.9824
-66.9297
-66.878
-66.8273
-66.7775
-66.7287
-66.6806
-66.6333
-66.5868
-66.541
-66.4958
-66.4512
-66.4072
-66.3638
-66.3208
-66.2784
-66.2364
-66.1948
-66.1536
-66.1128
-66.0724
-66.0323
-65.9925
-65.9531
-65.9139
-65.8749
-65.8363
-65.7978
-65.7596
-65.7216
-65.6838
-65.6462
-65.6088
-65.5715
-65.5345
-65.4975
-65.4607
-65.4241
-65.3876
-65.3512
-65.3149
-65.2787
-65.2427
-65.2067
-65.1709
-65.1351
-65.0994
-65.0639
-65.0284
-64.9929
-64.9576
-64.9223
-64.8871
-64.852
-64.8169
-64.7819
-64.747
-64.7121
-64.6773
-64.6425
-64.6078
-64.5732
-64.5386
-64.504
-64.4695
-64.435
-64.4006
-64.3663
-64.332
-64.2977
-64.2635
-64.2293
-64.1951
-64.161
-64.127
-64.093
-64.059
-64.0251
-63.9912
-63.9573
-63.9235
-63.8898
-63.856
-63.8223
-63.7887
-63.7551
-63.7215
-63.6879
-63.6544
-63.621
-63.5875
-63.5542
-63.5208
-63.4875
-63.4542
-63.421
-63.3878
-63.3546
-63.3215
-63.2884
-63.2553
-63.2223
-63.1893
-63.1564
-63.1235
-63.0906
-63.0578
-63.025
-62.9922
-62.9595
-62.9268
-62.8942
-62.8615
-62.829
-62.7964
-62.7639
-62.7314
-62.699
-62.6666
-62.6342
-62.6019
-62.5696
-62.5374
-62.5052
-62.473
-62.4408
-62.4087
-62.3766
-62.3446
-62.3126
-62.2806
-62.2487
-62.2168
-62.185
-62.1531
-62.1214
-62.0896
-62.0579
-62.0262
-61.9946
-61.963
-61.9314
-61.8999
-61.8684
-61.8369
-61.8055
-61.7741
-61.7427
-61.7114
-61.6801
-61.6489
-61.6177
-61.5865
-61.5553
-61.5242
-61.4931
-61.4621
-61.4311
-61.4001
-61.3692
-61.3383
-61.3074
-61.2766
-61.2457
-61.215
-61.1842
-61.1535
-61.1228
-61.0922
-61.0616
-61.031
-61.0005
-60.9699
-60.9395
-60.909
-60.8786
-60.8482
-60.8178
-60.7875
-60.7572
-60.7269
-60.6967
-60.6665
-60.6363
-60.6062
-60.5761
-60.546
-60.5159
-60.4859
-60.4559
-60.4259
-60.396
-60.3661
-60.3362
-60.3063
-60.2765
-60.2467
-60.2169
-60.1871
-60.1574
-60.1277
-60.0981
-60.0684
-60.0388
-60.0092
-59.9796
-59.9501
-59.9206
-59.8911
-59.8616
-59.8322
-59.8028
-59.7734
-59.744
-59.7147
-59.6854
-59.6561
-59.6268
-59.5976
-59.5683
-59.5391
-59.51
-59.4808
-59.4517
-59.4226
-59.3935
-59.3644
-59.3353
-59.3063
-59.2773
-59.2483
-59.2193
-59.1904
-59.1615
-59.1326
-59.1037
-59.0748
-59.0459
-59.0171
-58.9883
-58.9594
-58.9307
-58.9019
-58.8731
-58.8444
-58.8157
-58.7869
-58.7582
-58.7296
-58.7009
-58.6722
-58.6436
-58.615
-58.5864
-58.5578
-58.5292
-58.5006
-58.472
-58.4435
-58.4149
-58.3864
-58.3579
-58.3293
-58.3008
-58.2723
-58.2438
-58.2154
-58.1869
-58.1584
-58.13
-58.1015
-58.0731
-58.0447
-58.0162
-57.9878
-57.9594
-57.931
-57.9026
-57.8742
-57.8458
-57.8174
-57.789
-57.7606
-57.7322
-57.7038
-57.6755
-57.6471
-57.6187
-57.5903
-57.562
-57.5336
-57.5052
-57.4768
-57.4485
-57.4201
-57.3917
-57.3633
-57.3349
-57.3066
-57.2782
-57.2498
-57.2214
-57.193
-57.1645
-57.1361
-57.1077
-57.0793
-57.0508
-57.0224
-56.9939
-56.9655
-56.937
-56.9085
-56.88
-56.8515
-56.823
-56.7944
-56.7659
-56.7373
-56.7087
-56.6801
-56.6515
-56.6229
-56.5943
-56.5656
-56.5369
-56.5083
-56.4795
-56.4508
-56.4221
-56.3933
-56.3645
-56.3357
-56.3068
-56.278
-56.2491
-56.2202
-56.1912
-56.1623
-56.1333
-56.1042
-56.0752
-56.0461
-56.017
-55.9878
-55.9587
-55.9295
-55.9002
-55.871
-55.8416
-55.8123
-55.7829
-55.7535
-55.7241
-55.6946
-55.665
-55.6355
-55.6058
-55.5762
-55.5465
-55.5168
-55.487
-55.4571
-55.4272
-55.3973
-55.3673
-55.3373
-55.3072
-55.2771
-55.2469
-55.2167
-55.1864
-55.156
-55.1256
-55.0951
-55.0646
-55.034
-55.0033
-54.9726
-54.9418
-54.9109
-54.88
-54.849
-54.8179
-54.7868
-54.7555
-54.7242
-54.6928
-54.6614
-54.6298
-54.5982
-54.5665
-54.5347
-54.5028
-54.4708
-54.4387
-54.4066
-54.3743
-54.3419
-54.3095
-54.2769
-54.2442
-54.2114
-54.1785
-54.1455
-54.1124
-54.0791
-54.0457
-54.0122
-53.9786
-53.9449
-53.911
-53.877
-53.8428
-53.8085
-53.7741
-53.7395
-53.7048
-53.6699
-53.6349
-53.5997
-53.5643
-53.5288
-53.4931
-53.4572
-53.4212
-53.3849
-53.3485
-53.3119
-53.275
-53.238
-53.2008
-53.1633
-53.1257
-53.0878
-53.0497
-53.0113
-52.9727
-52.9339
-52.8948
-52.8554
-52.8158
-52.7759
-52.7357
-52.6952
-52.6544
-52.6133
-52.5719
-52.5302
-52.4881
-52.4456
-52.4029
-52.3597
-52.3162
-52.2722
-52.2279
-52.1831
-52.138
-52.0923
-52.0462
-51.9996
-51.9526
-51.905
-51.8569
-51.8082
-51.7589
-51.7091
-51.6587
-51.6076
-51.5558
-51.5034
-51.4502
-51.3963
-51.3417
-51.2862
-51.2298
-51.1726
-51.1145
-51.0553
-50.9952
-50.934
-50.8717
-50.8082
-50.7434
-50.6774
-50.61
-50.5411
-50.4707
-50.3986
-50.3249
-50.2492
-50.1717
-50.092
-50.0101
-49.9258
-49.839
-49.7494
-49.6568
-49.561
-49.4617
-49.3586
-49.2514
-49.1396
-49.0228
-48.9005
-48.7721
-48.6368
-48.4939
-48.3423
-48.1808
-48.0081
-47.8223
-47.6212
-47.4022
-47.1615
-46.8946
-46.5951
-46.2543
-45.8596
-45.3923
-44.8222
-44.0978
-43.1209
-41.6737
-39.1404
-32.8081
0.180255
25.2186
28.9914
23.5966
12.7344
0.515546
-11.3713
-22.6124
-33.0978
-42.5523
-50.2768
-55.9928
-60.1235
-63.1031
-65.2565
-66.8155
-67.9455
-68.7643
-69.3555
-69.7793
-70.0789
-70.2859
-70.4234
-70.5088
-70.555
-70.5719
-70.5668
-70.5455
-70.5124
-70.4708
-70.4233
-70.3717
-70.3177
-70.2622
-70.2061
-70.15
-70.0943
-70.0394
-69.9854
-69.9325
-69.8806
-69.83
-69.7804
-69.732
-69.6847
-69.6383
-69.593
-69.5485
-69.5048
-69.4619
-69.4197
-69.3782
-69.3372
-69.2968
-69.2569
-69.2174
-69.1783
-69.1395
-69.1011
-69.063
-69.0252
-68.9875
-68.9501
-68.9129
-68.8759
-68.839
-68.8022
-68.7656
-68.729
-68.6926
-68.6563
-68.62
-68.5838
-68.5477
-68.5117
-68.4756
-68.4397
-68.4038
-68.3679
-68.3321
-68.2963
-68.2605
-68.2247
-68.189
-68.1534
-68.1177
-68.0821
-68.0465
-68.0109
-67.9753
-67.9398
-67.9043
-67.8688
-67.8334
-67.7979
-67.7625
-67.7271
-67.6918
-67.6564
-67.6211
-67.5858
-67.5506
-67.5154
-67.4802
-67.445
-67.4098
-67.3747
-67.3396
-67.3046
-67.2696
-67.2346
-67.1996
-67.1647
-67.1298
-67.095
-67.0602
-67.0254
-66.9907
-66.956
-66.9213
-66.8867
-66.8521
-66.8175
-66.783
-66.7486
-66.7141
-66.6797
-66.6454
-66.6111
-66.5769
-66.5426
-66.5085
-66.4744
-66.4403
-66.4063
-66.3723
-66.3384
-66.3045
-66.2706
-66.2369
-66.2031
-66.1694
-66.1358
-66.1022
-66.0687
-66.0352
-66.0018
-65.9684
-65.935
-65.9018
-65.8685
-65.8354
-65.8022
-65.7692
-65.7362
-65.7032
-65.6703
-65.6375
-65.6047
-65.5719
-65.5392
-65.5066
-65.474
-65.4415
-65.4091
-65.3766
-65.3443
-65.312
-65.2798
-65.2476
-65.2155
-65.1834
-65.1514
-65.1194
-65.0875
-65.0557
-65.0239
-64.9922
-64.9605
-64.9289
-64.8974
-64.8659
-64.8344
-64.803
-64.7717
-64.7405
-64.7093
-64.6781
-64.647
-64.616
-64.585
-64.5541
-64.5232
-64.4924
-64.4617
-64.431
-64.4004
-64.3698
-64.3393
-64.3089
-64.2785
-64.2482
-64.2179
-64.1877
-64.1575
-64.1274
-64.0974
-64.0674
-64.0375
-64.0076
-63.9778
-63.948
-63.9183
-63.8887
-63.8591
-63.8296
-63.8002
-63.7708
-63.7414
-63.7121
-63.6829
-63.6537
-63.6246
-63.5955
-63.5665
-63.5376
-63.5087
-63.4799
-63.4511
-63.4224
-63.3937
-63.3651
-63.3366
-63.3081
-63.2796
-63.2512
-63.2229
-63.1946
-63.1664
-63.1382
-63.1101
-63.0821
-63.0541
-63.0261
-62.9982
-62.9704
-62.9426
-62.9149
-62.8872
-62.8596
-62.832
-62.8045
-62.777
-62.7496
-62.7222
-62.6949
-62.6677
-62.6405
-62.6133
-62.5862
-62.5591
-62.5321
-62.5052
-62.4783
-62.4514
-62.4246
-62.3979
-62.3712
-62.3445
-62.3179
-62.2914
-62.2649
-62.2384
-62.212
-62.1857
-62.1593
-62.1331
-62.1069
-62.0807
-62.0546
-62.0285
-62.0025
-61.9766
-61.9506
-61.9248
-61.8989
-61.8732
-61.8474
-61.8217
-61.7961
-61.7705
-61.745
-61.7195
-61.694
-61.6686
-61.6432
-61.6179
-61.5926
-61.5674
-61.5422
-61.5171
-61.492
-61.4669
-61.4419
-61.4169
-61.392
-61.3671
-61.3423
-61.3175
-61.2928
-61.2681
-61.2434
-61.2188
-61.1942
-61.1696
-61.1451
-61.1207
-61.0963
-61.0719
-61.0475
-61.0232
-60.999
-60.9748
-60.9506
-60.9265
-60.9024
-60.8783
-60.8543
-60.8303
-60.8063
-60.7824
-60.7586
-60.7347
-60.7109
-60.6872
-60.6635
-60.6398
-60.6161
-60.5925
-60.5689
-60.5454
-60.5219
-60.4984
-60.475
-60.4516
-60.4282
-60.4049
-60.3816
-60.3583
-60.3351
-60.3119
-60.2888
-60.2656
-60.2425
-60.2195
-60.1965
-60.1735
-60.1505
-60.1276
-60.1047
-60.0818
-60.059
-60.0362
-60.0134
-59.9907
-59.968
-59.9453
-59.9227
-59.9001
-59.8775
-59.8549
-59.8324
-59.8099
-59.7875
-59.765
-59.7426
-59.7203
-59.6979
-59.6756
-59.6534
-59.6311
-59.6089
-59.5867
-59.5645
-59.5424
-59.5203
-59.4982
-59.4761
-59.4541
-59.4321
-59.4102
-59.3882
-59.3663
-59.3444
-59.3225
-59.3007
-59.2789
-59.2571
-59.2353
-59.2136
-59.1919
-59.1702
-59.1486
-59.1269
-59.1053
-59.0837
-59.0622
-59.0406
-59.0191
-58.9976
-58.9761
-58.9547
-58.9333
-58.9119
-58.8905
-58.8691
-58.8478
-58.8265
-58.8052
-58.7839
-58.7627
-58.7414
-58.7202
-58.699
-58.6779
-58.6567
-58.6356
-58.6145
-58.5934
-58.5723
-58.5513
-58.5302
-58.5092
-58.4882
-58.4673
-58.4463
-58.4254
-58.4044
-58.3835
-58.3626
-58.3418
-58.3209
-58.3001
-58.2793
-58.2584
-58.2377
-58.2169
-58.1961
-58.1754
-58.1547
-58.1339
-58.1132
-58.0926
-58.0719
-58.0512
-58.0306
-58.01
-57.9894
-57.9688
-57.9482
-57.9276
-57.9071
-57.8865
-57.866
-57.8455
-57.825
-57.8045
-57.784
-57.7635
-57.7431
-57.7226
-57.7022
-57.6818
-57.6614
-57.641
-57.6206
-57.6002
-57.5799
-57.5595
-57.5392
-57.5189
-57.4985
-57.4782
-57.4579
-57.4376
-57.4174
-57.3971
-57.3768
-57.3566
-57.3363
-57.3161
-57.2959
-57.2756
-57.2554
-57.2352
-57.215
-57.1948
-57.1746
-57.1545
-57.1343
-57.1141
-57.094
-57.0738
-57.0536
-57.0335
-57.0134
-56.9932
-56.9731
-56.953
-56.9328
-56.9127
-56.8926
-56.8725
-56.8524
-56.8322
-56.8121
-56.792
-56.7719
-56.7518
-56.7317
-56.7116
-56.6915
-56.6714
-56.6513
-56.6312
-56.6111
-56.591
-56.5709
-56.5508
-56.5307
-56.5106
-56.4905
-56.4704
-56.4503
-56.4302
-56.4101
-56.3899
-56.3698
-56.3497
-56.3295
-56.3094
-56.2893
-56.2691
-56.249
-56.2288
-56.2086
-56.1885
-56.1683
-56.1481
-56.1279
-56.1077
-56.0875
-56.0673
-56.0471
-56.0268
-56.0066
-55.9863
-55.9661
-55.9458
-55.9255
-55.9052
-55.8849
-55.8646
-55.8443
-55.824
-55.8036
-55.7833
-55.7629
-55.7425
-55.7221
-55.7017
-55.6813
-55.6608
-55.6404
-55.6199
-55.5995
-55.579
-55.5585
-55.5379
-55.5174
-55.4968
-55.4763
-55.4557
-55.4351
-55.4144
-55.3938
-55.3731
-55.3524
-55.3317
-55.311
-55.2903
-55.2695
-55.2487
-55.2279
-55.2071
-55.1862
-55.1654
-55.1445
-55.1235
-55.1026
-55.0816
-55.0606
-55.0396
-55.0185
-54.9974
-54.9763
-54.9552
-54.934
-54.9128
-54.8916
-54.8703
-54.849
-54.8277
-54.8063
-54.785
-54.7635
-54.7421
-54.7206
-54.699
-54.6775
-54.6559
-54.6342
-54.6125
-54.5908
-54.5691
-54.5473
-54.5254
-54.5035
-54.4816
-54.4596
-54.4376
-54.4155
-54.3934
-54.3713
-54.3491
-54.3268
-54.3045
-54.2822
-54.2598
-54.2373
-54.2148
-54.1922
-54.1696
-54.1469
-54.1242
-54.1014
-54.0785
-54.0556
-54.0326
-54.0096
-53.9865
-53.9633
-53.9401
-53.9168
-53.8934
-53.87
-53.8465
-53.8229
-53.7992
-53.7755
-53.7517
-53.7278
-53.7039
-53.6798
-53.6557
-53.6315
-53.6072
-53.5828
-53.5584
-53.5338
-53.5092
-53.4845
-53.4597
-53.4348
-53.4097
-53.3846
-53.3594
-53.3341
-53.3087
-53.2832
-53.2576
-53.2318
-53.206
-53.18
-53.1539
-53.1277
-53.1014
-53.075
-53.0484
-53.0217
-52.9949
-52.9679
-52.9408
-52.9135
-52.8861
-52.8586
-52.8309
-52.8031
-52.7751
-52.7469
-52.7186
-52.6901
-52.6615
-52.6326
-52.6036
-52.5744
-52.545
-52.5155
-52.4857
-52.4557
-52.4255
-52.3951
-52.3645
-52.3337
-52.3026
-52.2713
-52.2398
-52.208
-52.176
-52.1437
-52.1111
-52.0783
-52.0452
-52.0118
-51.9781
-51.9441
-51.9097
-51.8751
-51.8401
-51.8048
-51.7691
-51.733
-51.6966
-51.6598
-51.6226
-51.585
-51.547
-51.5085
-51.4695
-51.4301
-51.3902
-51.3498
-51.3089
-51.2675
-51.2255
-51.1829
-51.1397
-51.0959
-51.0514
-51.0062
-50.9604
-50.9138
-50.8664
-50.8183
-50.7693
-50.7195
-50.6687
-50.617
-50.5642
-50.5105
-50.4556
-50.3996
-50.3423
-50.2838
-50.2239
-50.1625
-50.0997
-50.0352
-49.969
-49.901
-49.8311
-49.759
-49.6848
-49.6082
-49.5291
-49.4472
-49.3623
-49.2743
-49.1828
-49.0875
-48.988
-48.884
-48.7751
-48.6606
-48.54
-48.4126
-48.2775
-48.1337
-47.98
-47.815
-47.6369
-47.4434
-47.2318
-46.9984
-46.7386
-46.4458
-46.1113
-45.7221
-45.2591
-44.6914
-43.966
-42.9809
-41.5087
-38.8965
-32.1917
2.55721
25.2846
29.2789
24.3747
14.0466
2.2098
-9.37076
-20.3124
-30.4813
-39.691
-47.5367
-53.5752
-58.0485
-61.343
-63.7729
-65.5699
-66.9024
-67.8927
-68.6296
-69.1776
-69.5842
-69.884
-70.1029
-70.2602
-70.3707
-70.4454
-70.4929
-70.5197
-70.5308
-70.5302
-70.5208
-70.5049
-70.4842
-70.4602
-70.4337
-70.4056
-70.3763
-70.3464
-70.3161
-70.2856
-70.255
-70.2245
-70.194
-70.1636
-70.1334
-70.1032
-70.0731
-70.043
-70.013
-69.983
-69.9529
-69.9228
-69.8927
-69.8624
-69.8321
-69.8016
-69.771
-69.7403
-69.7094
-69.6784
-69.6471
-69.6158
-69.5842
-69.5525
-69.5207
-69.4886
-69.4564
-69.4241
-69.3916
-69.3589
-69.3261
-69.2932
-69.2601
-69.2269
-69.1936
-69.1602
-69.1267
-69.093
-69.0593
-69.0255
-68.9916
-68.9576
-68.9235
-68.8894
-68.8552
-68.821
-68.7867
-68.7523
-68.7179
-68.6835
-68.6491
-68.6146
-68.58
-68.5455
-68.511
-68.4764
-68.4418
-68.4072
-68.3726
-68.338
-68.3034
-68.2688
-68.2343
-68.1997
-68.1651
-68.1306
-68.0961
-68.0616
-68.0271
-67.9926
-67.9582
-67.9238
-67.8894
-67.855
-67.8207
-67.7864
-67.7522
-67.718
-67.6838
-67.6496
-67.6155
-67.5815
-67.5475
-67.5135
-67.4796
-67.4457
-67.4119
-67.3781
-67.3444
-67.3107
-67.277
-67.2435
-67.2099
-67.1764
-67.143
-67.1096
-67.0763
-67.0431
-67.0099
-66.9767
-66.9436
-66.9106
-66.8776
-66.8447
-66.8118
-66.779
-66.7463
-66.7136
-66.681
-66.6484
-66.6159
-66.5835
-66.5511
-66.5188
-66.4865
-66.4544
-66.4222
-66.3902
-66.3582
-66.3263
-66.2944
-66.2626
-66.2309
-66.1992
-66.1676
-66.136
-66.1046
-66.0732
-66.0418
-66.0106
-65.9794
-65.9482
-65.9171
-65.8861
-65.8552
-65.8243
-65.7935
-65.7628
-65.7321
-65.7015
-65.671
-65.6405
-65.6101
-65.5798
-65.5495
-65.5193
-65.4892
-65.4592
-65.4292
-65.3992
-65.3694
-65.3396
-65.3099
-65.2802
-65.2506
-65.2211
-65.1916
-65.1623
-65.1329
-65.1037
-65.0745
-65.0454
-65.0163
-64.9874
-64.9584
-64.9296
-64.9008
-64.8721
-64.8434
-64.8148
-64.7863
-64.7579
-64.7295
-64.7012
-64.6729
-64.6447
-64.6166
-64.5885
-64.5605
-64.5326
-64.5047
-64.4769
-64.4492
-64.4215
-64.3939
-64.3663
-64.3389
-64.3114
-64.2841
-64.2568
-64.2296
-64.2024
-64.1753
-64.1483
-64.1213
-64.0944
-64.0675
-64.0408
-64.014
-63.9874
-63.9608
-63.9343
-63.9078
-63.8814
-63.855
-63.8287
-63.8025
-63.7764
-63.7503
-63.7242
-63.6982
-63.6723
-63.6465
-63.6207
-63.5949
-63.5692
-63.5436
-63.5181
-63.4925
-63.4671
-63.4417
-63.4164
-63.3911
-63.3659
-63.3408
-63.3157
-63.2906
-63.2657
-63.2407
-63.2159
-63.1911
-63.1663
-63.1416
-63.117
-63.0924
-63.0679
-63.0434
-63.019
-62.9946
-62.9703
-62.946
-62.9218
-62.8977
-62.8736
-62.8496
-62.8256
-62.8016
-62.7778
-62.7539
-62.7301
-62.7064
-62.6828
-62.6591
-62.6356
-62.6121
-62.5886
-62.5652
-62.5418
-62.5185
-62.4952
-62.472
-62.4489
-62.4257
-62.4027
-62.3797
-62.3567
-62.3338
-62.3109
-62.2881
-62.2653
-62.2426
-62.2199
-62.1973
-62.1747
-62.1522
-62.1297
-62.1073
-62.0849
-62.0625
-62.0402
-62.018
-61.9958
-61.9736
-61.9515
-61.9295
-61.9075
-61.8855
-61.8636
-61.8417
-61.8198
-61.7981
-61.7763
-61.7546
-61.733
-61.7113
-61.6898
-61.6683
-61.6468
-61.6253
-61.604
-61.5826
-61.5613
-61.54
-61.5188
-61.4976
-61.4765
-61.4554
-61.4344
-61.4134
-61.3924
-61.3715
-61.3506
-61.3297
-61.3089
-61.2882
-61.2674
-61.2468
-61.2261
-61.2055
-61.185
-61.1644
-61.1439
-61.1235
-61.1031
-61.0827
-61.0624
-61.0421
-61.0219
-61.0016
-60.9815
-60.9613
-60.9412
-60.9212
-60.9011
-60.8811
-60.8612
-60.8413
-60.8214
-60.8015
-60.7817
-60.7619
-60.7422
-60.7225
-60.7028
-60.6832
-60.6636
-60.644
-60.6245
-60.605
-60.5855
-60.5661
-60.5467
-60.5274
-60.508
-60.4887
-60.4695
-60.4503
-60.4311
-60.4119
-60.3928
-60.3737
-60.3546
-60.3356
-60.3166
-60.2976
-60.2787
-60.2597
-60.2409
-60.222
-60.2032
-60.1844
-60.1657
-60.1469
-60.1283
-60.1096
-60.091
-60.0723
-60.0538
-60.0352
-60.0167
-59.9982
-59.9798
-59.9613
-59.943
-59.9246
-59.9062
-59.8879
-59.8697
-59.8514
-59.8332
-59.815
-59.7968
-59.7787
-59.7606
-59.7425
-59.7244
-59.7064
-59.6884
-59.6705
-59.6525
-59.6346
-59.6167
-59.5989
-59.581
-59.5632
-59.5454
-59.5277
-59.51
-59.4923
-59.4746
-59.4569
-59.4393
-59.4217
-59.4041
-59.3866
-59.3691
-59.3516
-59.3341
-59.3167
-59.2992
-59.2818
-59.2645
-59.2471
-59.2298
-59.2125
-59.1952
-59.178
-59.1607
-59.1435
-59.1264
-59.1092
-59.0921
-59.075
-59.0579
-59.0408
-59.0237
-59.0067
-58.9897
-58.9727
-58.9558
-58.9388
-58.9219
-58.905
-58.8882
-58.8713
-58.8545
-58.8377
-58.8209
-58.8041
-58.7874
-58.7707
-58.7539
-58.7373
-58.7206
-58.7039
-58.6873
-58.6707
-58.6541
-58.6376
-58.621
-58.6045
-58.588
-58.5715
-58.555
-58.5385
-58.5221
-58.5057
-58.4893
-58.4729
-58.4565
-58.4402
-58.4238
-58.4075
-58.3912
-58.375
-58.3587
-58.3425
-58.3262
-58.31
-58.2938
-58.2776
-58.2615
-58.2453
-58.2292
-58.2131
-58.197
-58.1809
-58.1648
-58.1488
-58.1327
-58.1167
-58.1007
-58.0847
-58.0688
-58.0528
-58.0368
-58.0209
-58.005
-57.9891
-57.9732
-57.9573
-57.9415
-57.9256
-57.9098
-57.894
-57.8782
-57.8624
-57.8466
-57.8308
-57.8151
-57.7993
-57.7836
-57.7679
-57.7522
-57.7365
-57.7209
-57.7052
-57.6896
-57.6739
-57.6583
-57.6427
-57.6271
-57.6116
-57.596
-57.5804
-57.5649
-57.5494
-57.5339
-57.5183
-57.5029
-57.4874
-57.4719
-57.4565
-57.441
-57.4256
-57.4102
-57.3947
-57.3793
-57.364
-57.3486
-57.3332
-57.3178
-57.3025
-57.2872
-57.2718
-57.2565
-57.2412
-57.2259
-57.2106
-57.1953
-57.1801
-57.1648
-57.1496
-57.1343
-57.1191
-57.1039
-57.0886
-57.0734
-57.0582
-57.043
-57.0279
-57.0127
-56.9975
-56.9824
-56.9672
-56.952
-56.9369
-56.9218
-56.9067
-56.8915
-56.8764
-56.8613
-56.8462
-56.8311
-56.816
-56.801
-56.7859
-56.7708
-56.7557
-56.7407
-56.7256
-56.7106
-56.6955
-56.6805
-56.6655
-56.6504
-56.6354
-56.6204
-56.6054
-56.5904
-56.5754
-56.5604
-56.5454
-56.5304
-56.5154
-56.5004
-56.4854
-56.4704
-56.4554
-56.4404
-56.4255
-56.4105
-56.3955
-56.3806
-56.3656
-56.3506
-56.3357
-56.3207
-56.3057
-56.2908
-56.2758
-56.2608
-56.2459
-56.2309
-56.216
-56.201
-56.1861
-56.1711
-56.1561
-56.1412
-56.1262
-56.1113
-56.0963
-56.0814
-56.0664
-56.0514
-56.0365
-56.0215
-56.0065
-55.9916
-55.9766
-55.9616
-55.9466
-55.9317
-55.9167
-55.9017
-55.8867
-55.8717
-55.8567
-55.8417
-55.8267
-55.8117
-55.7967
-55.7817
-55.7667
-55.7517
-55.7367
-55.7216
-55.7066
-55.6916
-55.6766
-55.6615
-56.9501
-57.7332
-58.3378
-58.8724
-59.373
-59.8516
-60.3124
-60.7567
-61.1852
-61.5986
-61.9971
-62.3812
-62.7515
-63.1085
-63.4528
-63.7847
-64.105
-64.4141
-64.7125
-65.0007
-65.2793
-65.5487
-65.8092
-66.0615
-66.3058
-66.5425
-66.7719
-66.9945
-67.2106
-67.4203
-67.624
-67.822
-68.0146
-68.2018
-68.384
-68.5613
-68.734
-68.9022
-69.0661
-69.2259
-69.3816
-69.5335
-69.6817
-69.8262
-69.9673
-70.105
-70.2395
-70.3708
-70.4991
-70.6244
-70.7468
-70.8664
-70.9834
-71.0977
-71.2094
-71.3187
-71.4255
-71.5301
-71.6323
-71.7323
-71.8301
-71.9258
-72.0195
-72.1111
-72.2008
-72.2886
-72.3745
-72.4587
-72.541
-72.6216
-72.7006
-72.7778
-72.8535
-72.9276
-73.0002
-73.0713
-73.1409
-73.209
-73.2758
-73.3412
-73.4052
-73.4679
-73.5294
-73.5896
-73.6485
-73.7063
-73.7629
-73.8183
-73.8726
-73.9258
-73.9779
-74.0289
-74.0789
-74.1279
-74.1758
-74.2228
-74.2689
-74.314
-74.3582
-74.4014
-74.4438
-74.4854
-74.526
-74.5659
-74.6049
-74.6431
-74.6806
-74.7173
-74.7532
-74.7884
-74.8228
-74.8566
-74.8896
-74.922
-74.9537
-74.9847
-75.0151
-75.0449
-75.074
-75.1026
-75.1305
-75.1578
-75.1846
-75.2108
-75.2365
-75.2616
-75.2862
-75.3103
-75.3339
-75.357
-75.3795
-75.4016
-75.4233
-75.4444
-75.4651
-75.4854
-75.5052
-75.5246
-75.5436
-75.5622
-75.5804
-75.5981
-75.6155
-75.6325
-75.6492
-75.6655
-75.6814
-75.697
-75.7122
-75.7271
-75.7416
-75.7559
-75.7698
-75.7834
-75.7967
-75.8097
-75.8224
-75.8348
-75.847
-75.8589
-75.8705
-75.8818
-75.8929
-75.9037
-75.9143
-75.9246
-75.9347
-75.9446
-75.9542
-75.9636
-75.9728
-75.9818
-75.9905
-75.9991
-76.0075
-76.0156
-76.0236
-76.0313
-76.0389
-76.0463
-76.0536
-76.0606
-76.0675
-76.0742
-76.0808
-76.0872
-76.0934
-76.0995
-76.1054
-76.1112
-76.1168
-76.1223
-76.1277
-76.1329
-76.138
-76.1429
-76.1478
-76.1525
-76.1571
-76.1615
-76.1659
-76.1701
-76.1742
-76.1783
-76.1822
-76.186
-76.1897
-76.1933
-76.1968
-76.2002
-76.2035
-76.2067
-76.2099
-76.2129
-76.2159
-76.2188
-76.2216
-76.2243
-76.2269
-76.2295
-76.232
-76.2344
-76.2367
-76.239
-76.2412
-76.2434
-76.2454
-76.2474
-76.2494
-76.2513
-76.2531
-76.2549
-76.2566
-76.2582
-76.2598
-76.2614
-76.2629
-76.2643
-76.2657
-76.2671
-76.2684
-76.2696
-76.2708
-76.272
-76.2731
-76.2742
-76.2752
-76.2762
-76.2772
-76.2781
-76.279
-76.2798
-76.2806
-76.2814
-76.2821
-76.2828
-76.2835
-76.2842
-76.2848
-76.2854
-76.2859
-76.2864
-76.2869
-76.2874
-76.2879
-76.2883
-76.2887
-76.289
-76.2894
-76.2897
-76.29
-76.2903
-76.2905
-76.2908
-76.291
-76.2912
-76.2913
-76.2915
-76.2916
-76.2917
-76.2918
-76.2919
-76.292
-76.292
-76.2921
-76.2921
-76.2921
-76.2921
-76.292
-76.292
-76.2919
-76.2919
-76.2918
-76.2917
-76.2916
-76.2915
-76.2913
-76.2912
-76.2911
-76.2909
-76.2907
-76.2905
-76.2903
-76.2901
-76.2899
-76.2897
-76.2895
-76.2893
-76.289
-76.2888
-76.2885
-76.2882
-76.288
-76.2877
-76.2874
-76.2871
-76.2868
-76.2865
-76.2862
-76.2859
-76.2856
-76.2852
-76.2849
-76.2846
-76.2842
-76.2839
-76.2835
-76.2832
-76.2828
-76.2824
-76.2821
-76.2817
-76.2813
-76.2809
-76.2805
-76.2802
-76.2798
-76.2794
-76.279
-76.2786
-76.2782
-76.2778
-76.2774
-76.277
-76.2766
-76.2761
-76.2757
-76.2753
-76.2749
-76.2745
-76.274
-76.2736
-76.2732
-76.2728
-76.2723
-76.2719
-76.2715
-76.271
-76.2706
-76.2702
-76.2697
-76.2693
-76.2689
-76.2684
-76.268
-76.2676
-76.2671
-76.2667
-76.2662
-76.2658
-76.2653
-76.2649
-76.2645
-76.264
-76.2636
-76.2631
-76.2627
-76.2622
-76.2618
-76.2614
-76.2609
-76.2605
-76.26
-76.2596
-76.2591
-76.2587
-76.2583
-76.2578
-76.2574
-76.2569
-76.2565
-76.2561
-76.2556
-76.2552
-76.2547
-76.2543
-76.2539
-76.2534
-76.253
-76.2525
-76.2521
-76.2517
-76.2512
-76.2508
-76.2504
-76.2499
-76.2495
-76.2491
-76.2486
-76.2482
-76.2478
-76.2473
-76.2469
-76.2465
-76.2461
-76.2456
-76.2452
-76.2448
-76.2443
-76.2439
-76.2435
-76.2431
-76.2427
-76.2422
-76.2418
-76.2414
-76.241
-76.2406
-76.2401
-76.2397
-76.2393
-76.2389
-76.2385
-76.2381
-76.2377
-76.2373
-76.2368
-76.2364
-76.236
-76.2356
-76.2352
-76.2348
-76.2344
-76.234
-76.2336
-76.2332
-76.2328
-76.2324
-76.232
-76.2316
-76.2312
-76.2308
-76.2304
-76.23
-76.2296
-76.2292
-76.2288
-76.2284
-76.2281
-76.2277
-76.2273
-76.2269
-76.2265
-76.2261
-76.2257
-76.2254
-76.225
-76.2246
-76.2242
-76.2238
-76.2234
-76.2231
-76.2227
-76.2223
-76.2219
-76.2216
-76.2212
-76.2208
-76.2204
-76.2201
-76.2197
-76.2193
-76.219
-76.2186
-76.2182
-76.2179
-76.2175
-76.2171
-76.2168
-76.2164
-76.216
-76.2157
-76.2153
-76.2149
-76.2146
-76.2142
-76.2139
-76.2135
-76.2131
-76.2128
-76.2124
-76.2121
-76.2117
-76.2114
-76.211
-76.2107
-76.2103
-76.21
-76.2096
-76.2093
-76.2089
-76.2086
-76.2082
-76.2079
-76.2075
-76.2072
-76.2068
-76.2065
-76.2062
-76.2058
-76.2055
-76.2051
-76.2048
-76.2045
-76.2041
-76.2038
-76.2034
-76.2031
-76.2028
-76.2024
-76.2021
-76.2018
-76.2014
-76.2011
-76.2008
-76.2004
-76.2001
-76.1998
-76.1994
-76.1991
-76.1988
-76.1985
-76.1981
-76.1978
-76.1975
-76.1971
-76.1968
-76.1965
-76.1962
-76.1958
-76.1955
-76.1952
-76.1949
-76.1946
-76.1942
-76.1939
-76.1936
-76.1933
-76.193
-76.1926
-76.1923
-76.192
-76.1917
-76.1914
-76.1911
-76.1907
-76.1904
-76.1901
-76.1898
-76.1895
-76.1892
-76.1889
-76.1885
-76.1882
-76.1879
-76.1876
-76.1873
-76.187
-76.1867
-76.1864
-76.1861
-76.1858
-76.1854
-76.1851
-76.1848
-76.1845
-76.1842
-76.1839
-76.1836
-76.1833
-76.183
-76.1827
-76.1824
-76.1821
-76.1818
-76.1815
-76.1812
-76.1809
-76.1806
-76.1803
-76.18
-76.1797
-76.1794
-76.1791
-76.1788
-76.1785
-76.1782
-76.1779
-76.1776
-76.1773
-76.177
-76.1767
-76.1764
-76.1761
-76.1758
-76.1755
-76.1752
-76.1749
-76.1746
-76.1744
-76.1741
-76.1738
-76.1735
-76.1732
-76.1729
-76.1726
-76.1723
-76.172
-76.1717
-76.1714
-76.1712
-76.1709
-76.1706
-76.1703
-76.17
-76.1697
-76.1694
-76.1691
-76.1689
-76.1686
-76.1683
-76.168
-76.1677
-76.1674
-76.1671
-76.1669
-76.1666
-76.1663
-76.166
-76.1657
-76.1654
-76.1652
-76.1649
-76.1646
-76.1643
-76.164
-76.1637
-76.1635
-76.1632
-76.1629
-76.1626
-76.1623
-76.1621
-76.1618
-76.1615
-76.1612
-76.1609
-76.1607
-76.1604
-76.1601
-76.1598
-76.1596
-76.1593
-76.159
-76.1587
-76.1584
-76.1582
-76.1579
-76.1576
-76.1573
-76.1571
-76.1568
-76.1565
-76.1562
-76.156
-76.1557
-76.1554
-76.1551
-76.1549
-76.1546
-76.1543
-76.154
-76.1538
-76.1535
-76.1532
-76.153
-76.1527
-76.1524
-76.1521
-76.1519
-76.1516
-76.1513
-76.1511
-76.1508
-76.1505
-76.1503
-76.15
-76.1497
-76.1494
-76.1492
-76.1489
-76.1486
-76.1484
-76.1481
-76.1478
-76.1476
-76.1473
-76.147
-76.1468
-76.1465
-76.1462
-76.146
-76.1457
-76.1454
-76.1452
-76.1449
-76.1446
-76.1444
-76.1441
-76.1438
-76.1436
-76.1433
-76.143
-76.1428
-76.1425
-76.1422
-76.142
-76.1417
-76.1415
-76.1412
-76.1409
-76.1407
-76.1404
-76.1401
-76.1399
-76.1396
-76.1394
-76.1391
-76.1388
-76.1386
-76.1383
-76.138
-76.1378
-76.1375
-76.1373
-76.137
-76.1367
-76.1365
-76.1362
-76.136
-76.1357
-76.1354
-76.1352
-76.1349
-76.1347
-76.1344
-76.1341
-76.1339
-76.1336
-76.1334
-76.1331
-76.1328
-76.1326
-76.1323
-76.1321
-76.1318
-76.1316
-76.1313
-76.131
-76.1308
-76.1305
-76.1303
-76.13
-76.1298
-76.1295
-76.1292
-76.129
-76.1287
-76.1285
-76.1282
-76.128
-76.1277
-76.1275
-76.1272
-76.1269
-76.1267
-76.1264
-76.1262
-76.1259
-76.1257
-76.1254
-76.1252
-76.1249
-76.1247
-76.1244
-76.1242
-76.1239
-76.1236
-76.1234
-76.1231
-76.1229
-76.1226
-76.1224
-76.1221
-76.1219
-76.1216
-76.1214
-76.1211
-76.1209
-76.1206
-76.1204
-76.1201
-76.1199
-76.1196
-76.1194
-76.1191
-76.1189
-76.1186
-76.1184
-76.1181
-76.1179
-76.1176
-76.1174
-76.1171
-76.1169
-76.1166
-76.1164
-76.1161
-76.1159
-76.1156
-76.1154
-76.1151
-76.1149
-76.1146
-76.1144
-76.1141
-76.1139
-76.1136
-76.1134
-76.1131
-76.1129
-76.1126
-76.1124
-76.1121
-76.1119
-76.1116
-76.1114
-76.1111
-76.1109
-76.1107
-76.1104
-76.1102
-76.1099
-76.1097
-76.1094
-76.1092
-76.1089
-76.1087
-76.1084
-76.1082
-76.1079
-76.1077
-76.1075
-76.1072
-76.107
-76.1067
-76.1065
-76.1062
-76.106
-76.1057
-76.1055
-76.1052
-76.105
-76.1048
-76.1045
-76.1043
-76.104
-76.1038
-76.1035
-76.1033
-76.1031
-76.1028
-76.1026
-76.1023
-76.1021
-76.1018
-76.1016
-76.1013
-76.1011
-76.1009
-76.1006
-76.1004
-76.1001
-76.0999
-76.0996
-76.0994
-76.0992
-76.0989
-76.0987
-76.0984
-76.0982
-76.098
-76.0977
-76.0975
-76.0972
-76.097
-76.0967
-76.0965
-76.0963
-76.096
-76.0958
-76.0955
-76.0953
-76.0951
-76.0948
-76.0946
-76.0943
-76.0941
-76.0939
-76.0936
-76.0934
-76.0931
-76.0929
-76.0927
-76.0924
-76.0922
-76.0919
-76.0917
-76.0915
-76.0912
-76.091
-76.0907
-76.0905
-76.0903
-76.09
-76.0898
-76.0896
-76.0893
-76.0891
-76.0888
-76.0886
-76.0884
-76.0881
-76.0879
-76.0876
-76.0874
-76.0872
-76.0869
-76.0867
-76.0865
-76.0862
-76.086
-76.0857
-76.0855
-76.0853
-76.085
-76.0848
-76.0846
-76.0843
-76.0841
-76.0839
-76.0836
-76.0834
-76.0831
-76.0829
-76.0827
-76.0824
-76.0822
-76.082
-76.0817
-76.0815
-76.0813
-76.081
-76.0808
-76.0806
-76.0803
-76.0801
-76.0798
-76.0796
-76.0794
-76.0791
-76.0789
-76.0787
-76.0784
-76.0782
-76.078
-76.0777
-76.0775
-76.0773
-76.077
-76.0768
-76.0766
-76.0763
-76.0761
-76.0759
-76.0756
-76.0754
-76.0752
-76.0749
-76.0747
-76.0745
-76.0742
-76.074
-76.0738
-76.0735
-76.0733
-76.0731
-76.0728
-76.0726
-76.0724
-76.0721
-76.0719
-76.0717
-76.0714
-76.0712
-76.071
-76.0707
-76.0705
-76.0703
-76.07
-76.0698
-76.0696
-76.0693
-76.0691
-76.0689
-76.0686
-76.0684
-76.0682
-76.068
-76.0677
-76.0675
-76.0673
-76.067
-76.0668
-76.0666
-76.0663
-76.0661
-76.0659
-76.0656
-76.0654
-76.0652
-76.065
-76.0647
-76.0645
-76.0643
-76.064
-76.0638
-76.0636
-76.0633
-76.0631
-76.0629
-76.0627
-76.0624
-76.0622
-76.062
-76.0617
-76.0615
-76.0613
-76.061
-76.0608
-76.0606
-76.0604
-76.0601
-76.0599
-76.0597
-76.0594
-76.0592
-76.059
-76.0588
-76.0585
-76.0583
-76.0581
-76.0578
-76.0576
-76.0574
-76.0572
-76.0569
-76.0567
-76.0565
-76.0562
-76.056
-76.0558
-76.0556
-76.0553
-76.0551
-76.0549
-76.0547
-76.0544
-76.0542
-76.054
-76.0537
-76.0535
-76.0533
-76.0531
-76.0528
-76.0526
-76.0524
-76.0522
-76.0519
-76.0517
-76.0515
-76.0513
-76.051
-76.0508
-76.0506
-76.0503
-76.0501
-76.0499
-76.0497
-76.0494
-76.0492
-76.049
-76.0488
-76.0485
-76.0483
-76.0481
-76.0479
-76.0476
-76.0474
-76.0472
-76.047
-76.0467
-76.0465
-76.0463
-76.0461
-76.0458
-76.0456
-76.0454
-76.0452
-76.0449
-76.0447
-76.0445
-76.0443
-76.044
-76.0438
-76.0436
-76.0434
-76.0431
-76.0429
-76.0427
-76.0425
-76.0422
-76.042
-76.0418
-76.0416
-76.0414
-76.0411
-76.0409
-76.0407
-76.0405
-76.0402
-76.04
-76.0398
-76.0396
-76.0393
-76.0391
-76.0389
-76.0387
-76.0384
-76.0382
-76.038
-76.0378
-76.0376
-76.0373
-76.0371
-76.0369
-76.0367
-76.0364
-76.0362
-76.036
-76.0358
-76.0356
-76.0353
-76.0351
-76.0349
-76.0347
-76.0344
-76.0342
-76.034
-76.0338
-76.0336
-76.0333
-76.0331
-76.0329
-76.0327
-76.0324
-76.0322
-76.032
-76.0318
-76.0316
-76.0313
-76.0311
-76.0309
-76.0307
-76.0305
-76.0302
-76.03
-76.0298
-76.0296
-76.0294
-76.0291
-76.0289
-76.0287
-76.0285
-76.0283
-76.028
-76.0278
-76.0276
-76.0274
-76.0272
-76.0269
-76.0267
-76.0265
-76.0263
-76.0261
-76.0258
-76.0256
-76.0254
-76.0252
-76.025
-76.0247
-76.0245
-76.0243
-76.0241
-76.0239
-76.0236
-76.0234
-76.0232
-76.023
-76.0228
-76.0225
-76.0223
-76.0221
-76.0219
-76.0217
-76.0214
-76.0212
-76.021
-76.0208
-76.0206
-76.0204
-76.0201
-76.0199
-76.0197
-76.0195
-76.0193
-76.019
-76.0188
-76.0186
-76.0184
-76.0182
-76.018
-76.0177
-76.0175
-76.0173
-76.0171
-76.0169
-76.0166
-76.0164
-76.0162
-76.016
-76.0158
-76.0156
-76.0153
-76.0151
-76.0149
-76.0147
-76.0145
-76.0143
-76.014
-76.0138
-76.0136
-76.0134
-76.0132
-76.013
-76.0127
-76.0125
-76.0123
-76.0121
-76.0119
-76.0117
-76.0114
-76.0112
-76.011
-76.0108
-76.0106
-76.0104
-76.0101
-76.0099
-76.0097
-76.0095
-76.0093
-76.0091
-76.0089
-76.0086
-76.0084
-76.0082
-76.008
-76.0078
-76.0076
-76.0073
-76.0071
-76.0069
-76.0067
-76.0065
-76.0063
-76.0061
-76.0058
-76.0056
-76.0054
-76.0052
-76.005
-76.0048
-76.0045
-76.0043
-76.0041
-76.0039
-76.0037
-76.0035
-76.0033
-76.003
-76.0028
-76.0026
-76.0024
-76.0022
-76.002
-76.0018
-76.0015
-76.0013
-76.0011
-76.0009
-76.0007
-76.0005
-76.0003
-76.0001
-75.9998
-75.9996
-75.9994
-75.9992
-75.999
-75.9988
-75.9986
-75.9983
-75.9981
-75.9979
-75.9977
-75.9975
-75.9973
-75.9971
-75.9969
-75.9966
-75.9964
-75.9962
-75.996
-75.9958
-75.9956
-75.9954
-75.9951
-75.9949
-75.9947
-75.9945
-75.9943
-75.9941
-75.9939
-75.9937
-75.9935
-75.9932
-75.993
-75.9928
-75.9926
-75.9924
-75.9922
-75.992
-75.9918
-75.9915
-75.9913
-75.9911
-75.9909
-75.9907
-75.9905
-75.9903
-75.9901
-75.9899
-75.9896
-75.9894
-75.9892
-75.989
-75.9888
-75.9886
-75.9884
-75.9882
-75.9879
-75.9877
-75.9875
-75.9873
-75.9871
-75.9869
-75.9867
-75.9865
-75.9863
-75.9861
-75.9858
-75.9856
-75.9854
-75.9852
-75.985
-75.9848
-75.9846
-75.9844
-75.9842
-75.9839
-75.9837
-75.9835
-75.9833
-75.9831
-75.9829
-75.9827
-75.9825
-75.9823
-75.9821
-75.9819
-75.9816
-75.9814
-75.9812
-75.981
-75.9808
-75.9806
-75.9804
-75.9802
-75.98
-75.9798
-75.9795
-75.9793
-75.9791
-75.9789
-75.9787
-75.9785
-75.9783
-75.9781
-75.9779
-75.9777
-75.9775
-75.9772
-75.977
-75.9768
-75.9766
-75.9764
-75.9762
-75.976
-75.9758
-75.9756
-75.9754
-75.9752
-75.975
-75.9747
-75.9745
-75.9743
-75.9741
-75.9739
-75.9737
-75.9735
-75.9733
-75.9731
-75.9729
-75.9727
-75.9725
-75.9723
-75.972
-75.9718
-75.9716
-75.9714
-75.9712
-75.971
-75.9708
-75.9706
-75.9704
-75.9702
-75.97
-75.9698
-75.9696
-75.9693
-75.9691
-75.9689
-75.9687
-75.9685
-75.9683
-75.9681
-75.9679
-75.9677
-75.9675
-75.9673
-75.9671
-75.9669
-75.9667
-75.9665
-75.9662
-75.966
-75.9658
-75.9656
-75.9654
-75.9652
-75.965
-75.9648
-75.9646
-75.9644
-75.9642
-75.964
-75.9638
-75.9636
-75.9634
-75.9632
-75.963
-75.9627
-75.9625
-75.9623
-75.9621
-75.9619
-75.9617
-75.9615
-75.9613
-75.9611
-75.9609
-75.9607
-75.9605
-75.9603
-75.9601
-75.9599
-75.9597
-75.9595
-75.9593
-75.9591
-75.9588
-75.9586
-75.9584
-75.9582
-75.958
-75.9578
-75.9576
-75.9574
-75.9572
-75.957
-75.9568
-75.9566
-75.9564
-75.9562
-75.956
-75.9558
-75.9556
-75.9554
-75.9552
-75.955
-75.9548
-75.9546
-75.9543
-75.9541
-75.9539
-75.9537
-75.9535
-75.9533
-75.9531
-75.9529
-75.9527
-75.9525
-75.9523
-75.9521
-75.9519
-75.9517
-75.9515
-75.9513
-75.9511
-75.9509
-75.9507
-75.9505
-75.9503
-75.9501
-75.9499
-75.9497
-75.9495
-75.9493
-75.9491
-75.9489
-75.9487
-75.9485
-75.9482
-75.948
-75.9478
-75.9476
-75.9474
-75.9472
-75.947
-75.9468
-75.9466
-75.9464
-75.9462
-75.946
-75.9458
-75.9456
-75.9454
-75.9452
-75.945
-75.9448
-75.9446
-75.9444
-75.9442
-75.944
-75.9438
-75.9436
-75.9434
-75.9432
-75.943
-75.9428
-75.9426
-75.9424
-75.9422
-75.942
-75.9418
-75.9416
-75.9414
-75.9412
-75.941
-75.9408
-75.9406
-75.9404
-75.9402
-75.94
-75.9398
-75.9396
-75.9394
-75.9392
-75.939
-75.9388
-75.9386
-75.9384
-75.9382
-75.938
-75.9378
-75.9376
-75.9374
-75.9372
-75.937
-75.9368
-75.9366
-75.9364
-75.9362
-75.936
-75.9358
-75.9356
-75.9354
-75.9352
-75.935
-75.9348
-75.9346
-75.9344
-75.9342
-75.934
-75.9338
-75.9336
-75.9334
-75.9332
-75.933
-75.9328
-75.9326
-75.9324
-75.9322
-75.932
-75.9318
-75.9316
-75.9314
-75.9312
-75.931
-75.9308
-75.9306
-75.9304
-75.9302
-75.93
-75.9298
-75.9296
-75.9294
-75.9292
-75.929
-75.9288
-75.9286
-75.9284
-75.9282
-75.928
-75.9278
-75.9276
-75.9274
-75.9272
-75.927
-75.9268
-75.9266
-75.9264
-75.9262
-75.926
-75.9258
-75.9256
-75.9254
-75.9252
-75.925
-75.9248
-75.9246
-75.9244
-75.9242
-75.924
-75.9238
-75.9236
-75.9234
-75.9232
-75.923
-75.9228
-75.9226
-75.9224
-75.9222
-75.922
-75.9218
-75.9216
-75.9214
-75.9213
-75.9211
-75.9209
-75.9207
-75.9205
-75.9203
-75.9201
-75.9199
-75.9197
-75.9195
-75.9193
-75.9191
-75.9189
-75.9187
-75.9185
-75.9183
-75.9181
-75.9179
-75.9177
-75.9175
-75.9173
-75.9171
-75.9169
-75.9167
-75.9165
-75.9163
-75.9161
-75.9159
-75.9157
-75.9155
-75.9153
-75.9152
-75.915
-75.9148
-75.9146
-75.9144
-75.9142
-75.914
-75.9138
-75.9136
-75.9134
-75.9132
-75.913
-75.9128
-75.9126
-75.9124
-75.9122
-75.912
-75.9118
-75.9116
-75.9114
-75.9112
-75.911
-75.9108
-75.9107
-75.9105
-75.9103
-75.9101
-75.9099
-75.9097
-75.9095
-75.9093
-75.9091
-75.9089
-75.9087
-75.9085
-75.9083
-75.9081
-75.9079
-75.9077
-75.9075
-75.9073
-75.9071
-75.907
-75.9068
-75.9066
-75.9064
-75.9062
-75.906
-75.9058
-75.9056
-75.9054
-75.9052
-75.905
-75.9048
-75.9046
-75.9044
-75.9042
-75.904
-75.9038
-75.9037
-75.9035
-75.9033
-75.9031
-75.9029
-75.9027
-75.9025
-75.9023
-75.9021
-75.9019
-75.9017
-75.9015
-75.9013
-75.9011
-75.9009
-75.9007
-75.9006
-75.9004
-75.9002
-75.9
-75.8998
-75.8996
-75.8994
-75.8992
-75.899
-75.8988
-75.8986
-75.8984
-75.8982
-75.898
-75.8979
-75.8977
-75.8975
-75.8973
-75.8971
-75.8969
-75.8967
-75.8965
-75.8963
-75.8961
-75.8959
-75.8957
-75.8955
-75.8954
-75.8952
-75.895
-75.8948
-75.8946
-75.8944
-75.8942
-75.894
-75.8938
-75.8936
-75.8934
-75.8932
-75.893
-75.8929
-75.8927
-75.8925
-75.8923
-75.8921
-75.8919
-75.8917
-75.8915
-75.8913
-75.8911
-75.8909
-75.8907
-75.8906
-75.8904
-75.8902
-75.89
-75.8898
-75.8896
-75.8894
-75.8892
-75.889
-75.8888
-75.8886
-75.8885
-75.8883
-75.8881
-75.8879
-75.8877
-75.8875
-75.8873
-75.8871
-75.8869
-75.8867
-75.8865
-75.8864
-75.8862
-75.886
-75.8858
-75.8856
-75.8854
-75.8852
-75.885
-75.8848
-75.8846
-75.8844
-75.8843
-75.8841
-75.8839
-75.8837
-75.8835
-75.8833
-75.8831
-75.8829
-75.8827
-75.8825
-75.8824
-75.8822
-75.882
-75.8818
-75.8816
-75.8814
-75.8812
-75.881
-75.8808
-75.8807
-75.8805
-75.8803
-75.8801
-75.8799
-75.8797
-75.8795
-75.8793
-75.8791
-75.8789
-75.8788
-75.8786
-75.8784
-75.8782
-75.878
-75.8778
-75.8776
-75.8774
-75.8772
-75.8771
-75.8769
-75.8767
-75.8765
-75.8763
-75.8761
-75.8759
-75.8757
-75.8755
-75.8754
-75.8752
-75.875
-75.8748
-75.8746
-75.8744
-75.8742
-75.874
-75.8739
-75.8737
-75.8735
-75.8733
-75.8731
-75.8729
-75.8727
-75.8725
-75.8723
-75.8722
-75.872
-75.8718
-75.8716
-75.8714
-75.8712
-75.871
-75.8708
-75.8707
-75.8705
-75.8703
-75.8701
-75.8699
-75.8697
-75.8695
-75.8693
-75.8692
-75.869
-75.8688
-75.8686
-75.8684
-75.8682
-75.868
-75.8678
-75.8677
-75.8675
-75.8673
-75.8671
-75.8669
-75.8667
-75.8665
-75.8663
-75.8662
-75.866
-75.8658
-75.8656
-75.8654
-75.8652
-75.865
-75.8649
-75.8647
-75.8645
-75.8643
-75.8641
-75.8639
-75.8637
-75.8635
-75.8634
-75.8632
-75.863
-75.8628
-75.8626
-75.8624
-75.8622
-75.8621
-75.8619
-75.8617
-75.8615
-75.8613
-75.8611
-75.8609
-75.8608
-75.8606
-75.8604
-75.8602
-75.86
-75.8598
-75.8596
-75.8595
-75.8593
-75.8591
-75.8589
-75.8587
-75.8585
-75.8583
-75.8582
-75.858
-75.8578
-75.8576
-75.8574
-75.8572
-75.857
-75.8569
-75.8567
-75.8565
-75.8563
-75.8561
-75.8559
-75.8557
-75.8556
-75.8554
-75.8552
-75.855
-75.8548
-75.8546
-75.8545
-75.8543
-75.8541
-75.8539
-75.8537
-75.8535
-75.8533
-75.8532
-75.853
-75.8528
-75.8526
-75.8524
-75.8522
-75.8521
-75.8519
-75.8517
-75.8515
-75.8513
-75.8511
-75.851
-75.8508
-75.8506
-75.8504
-75.8502
-75.85
-75.8498
-75.8497
-75.8495
-75.8493
-75.8491
-75.8489
-75.8487
-75.8486
-75.8484
-75.8482
-75.848
-75.8478
-75.8476
-75.8475
-75.8473
-75.8471
-75.8469
-75.8467
-75.8465
-75.8464
-75.8462
-75.846
-75.8458
-75.8456
-75.8454
-75.8453
-75.8451
-75.8449
-75.8447
-75.8445
-75.8443
-75.8442
-75.844
-75.8438
-75.8436
-75.8434
-75.8433
-75.8431
-75.8429
-75.8427
-75.8425
-75.8423
-75.8422
-75.842
-75.8418
-75.8416
-75.8414
-75.8412
-75.8411
-75.8409
-75.8407
-75.8405
-75.8403
-75.8401
-75.84
-75.8398
-75.8396
-75.8394
-75.8392
-75.8391
-75.8389
-75.8387
-75.8385
-75.8383
-75.8381
-75.838
-75.8378
-75.8376
-75.8374
-75.8372
-75.8371
-75.8369
-75.8367
-75.8365
-75.8363
-75.8362
-75.836
-75.8358
-75.8356
-75.8354
-75.8352
-75.8351
-75.8349
-75.8347
-75.8345
-75.8343
-75.8342
-75.834
-75.8338
-75.8336
-75.8334
-75.8333
-75.8331
-75.8329
-75.8327
-75.8325
-75.8323
-75.8322
-75.832
-75.8318
-75.8316
-75.8314
-75.8313
-75.8311
-75.8309
-75.8307
-75.8305
-75.8304
-75.8302
-75.83
-75.8298
-75.8296
-75.8295
-75.8293
-75.8291
-75.8289
-75.8287
-75.8286
-75.8284
-75.8282
-75.828
-75.8278
-75.8277
-75.8275
-75.8273
-75.8271
-75.8269
-75.8268
-75.8266
-75.8264
-75.8262
-75.826
-75.8259
-75.8257
-75.8255
-75.8253
-75.8251
-75.825
-75.8248
-75.8246
-75.8244
-75.8243
-75.8241
-75.8239
-75.8237
-75.8235
-75.8234
-75.8232
-75.823
-75.8228
-75.8226
-75.8225
-75.8223
-75.8221
-75.8219
-75.8217
-75.8216
-75.8214
-75.8212
-75.821
-75.8209
-75.8207
-75.8205
-75.8203
-75.8201
-75.82
-75.8198
-75.8196
-75.8194
-75.8192
-75.8191
-75.8189
-75.8187
-75.8185
-75.8184
-75.8182
-75.818
-75.8178
-75.8176
-75.8175
-75.8173
-75.8171
-75.8169
-75.8168
-75.8166
-75.8164
-75.8162
-75.816
-75.8159
-75.8157
-75.8155
-75.8153
-75.8152
-75.815
-75.8148
-75.8146
-75.8144
-75.8143
-75.8141
-75.8139
-75.8137
-75.8136
-75.8134
-75.8132
-75.813
-75.8128
-75.8127
-75.8125
-75.8123
-75.8121
-75.812
-75.8118
-75.8116
-75.8114
-75.8113
-75.8111
-75.8109
-75.8107
-75.8105
-75.8104
-75.8102
-75.81
-75.8098
-75.8097
-75.8095
-75.8093
-75.8091
-75.809
-75.8088
-75.8086
-75.8084
-75.8083
-75.8081
-75.8079
-75.8077
-75.8075
-75.8074
-75.8072
-75.807
-75.8068
-75.8067
-75.8065
-75.8063
-75.8061
-75.806
-75.8058
-75.8056
-75.8054
-75.8053
-75.8051
-75.8049
-75.8047
-75.8046
-75.8044
-75.8042
-75.804
-75.8039
-75.8037
-75.8035
-75.8033
-75.8032
-75.803
-75.8028
-75.8026
-75.8025
-75.8023
-75.8021
-75.8019
-75.8018
-75.8016
-75.8014
-75.8012
-75.8011
-75.8009
-75.8007
-75.8005
-75.8004
-75.8002
-75.8
-75.7998
-75.7997
-75.7995
-75.7993
-75.7991
-75.799
-75.7988
-75.7986
-75.7984
-75.7983
-75.7981
-75.7979
-75.7977
-75.7976
-75.7974
-75.7972
-75.797
-75.7969
-75.7967
-75.7965
-75.7963
-75.7962
-75.796
-75.7958
-75.7956
-75.7955
-75.7953
-75.7951
-75.7949
-75.7948
-75.7946
-75.7944
-75.7943
-75.7941
-75.7939
-75.7937
-75.7936
-75.7934
-75.7932
-75.793
-75.7929
-75.7927
-75.7925
-75.7923
-75.7922
-75.792
-75.7918
-75.7917
-75.7915
-75.7913
-75.7911
-75.791
-75.7908
-75.7906
-75.7904
-75.7903
-75.7901
-75.7899
-75.7897
-75.7896
-75.7894
-75.7892
-75.7891
-75.7889
-75.7887
-75.7885
-75.7884
-75.7882
-75.788
-75.7878
-75.7877
-75.7875
-75.7873
-75.7872
-75.787
-75.7868
-75.7866
-75.7865
-75.7863
-75.7861
-75.786
-75.7858
-75.7856
-75.7854
-75.7853
-75.7851
-75.7849
-75.7847
-75.7846
-75.7844
-75.7842
-75.7841
-75.7839
-75.7837
-75.7835
-75.7834
-75.7832
-75.783
-75.7829
-75.7827
-75.7825
-75.7823
-75.7822
-75.782
-75.7818
-75.7817
-75.7815
-75.7813
-75.7811
-75.781
-75.7808
-75.7806
-75.7805
-75.7803
-75.7801
-75.7799
-75.7798
-75.7796
-75.7794
-75.7793
-75.7791
-75.7789
-75.7787
-75.7786
-75.7784
-75.7782
-75.7781
-75.7779
-75.7777
-75.7776
-75.7774
-75.7772
-75.777
-75.7769
-75.7767
-75.7765
-75.7764
-75.7762
-75.776
-75.7758
-75.7757
-75.7755
-75.7753
-75.7752
-75.775
-75.7748
-75.7747
-75.7745
-75.7743
-75.7741
-75.774
-75.7738
-75.7736
-75.7735
-75.7733
-75.7731
-75.773
-75.7728
-75.7726
-75.7724
-75.7723
-75.7721
-75.7719
-75.7718
-75.7716
-75.7714
-75.7713
-75.7711
-75.7709
-75.7708
-75.7706
-75.7704
-75.7702
-75.7701
-75.7699
-75.7697
-75.7696
-75.7694
-75.7692
-75.7691
-75.7689
-75.7687
-75.7686
-75.7684
-75.7682
-75.768
-75.7679
-75.7677
-75.7675
-75.7674
-75.7672
-75.767
-75.7669
-75.7667
-75.7665
-75.7664
-75.7662
-75.766
-75.7659
-75.7657
-75.7655
-75.7653
-75.7652
-75.765
-75.7648
-75.7647
-75.7645
-75.7643
-75.7642
-75.764
-75.7638
-75.7637
-75.7635
-75.7633
-75.7632
-75.763
-75.7628
-75.7627
-75.7625
-75.7623
-75.7622
-75.762
-75.7618
-75.7616
-75.7615
-75.7613
-75.7611
-75.761
-75.7608
-75.7606
-75.7605
-75.7603
-75.7601
-75.76
-75.7598
-75.7596
-75.7595
-75.7593
-75.7591
-75.759
-75.7588
-75.7586
-75.7585
-75.7583
-75.7581
-75.758
-75.7578
-75.7576
-75.7575
-75.7573
-75.7571
-75.757
-75.7568
-75.7566
-75.7565
-75.7563
-75.7561
-75.756
-75.7558
-75.7556
-75.7555
-75.7553
-75.7551
-75.755
-75.7548
-75.7546
-75.7545
-75.7543
-75.7541
-75.754
-75.7538
-75.7536
-75.7535
-75.7533
-75.7531
-75.753
-75.7528
-75.7526
-75.7525
-75.7523
-75.7521
-75.752
-75.7518
-75.7516
-75.7515
-75.7513
-75.7511
-75.751
-75.7508
-75.7506
-75.7505
-75.7503
-75.7502
-75.75
-75.7498
-75.7497
-75.7495
-75.7493
-75.7492
-75.749
-75.7488
-75.7487
-75.7485
-75.7483
-75.7482
-75.748
-75.7478
-75.7477
-75.7475
-75.7473
-75.7472
-75.747
-75.7468
-75.7467
-75.7465
-75.7464
-75.7462
-75.746
-75.7459
-75.7457
-75.7455
-75.7454
-75.7452
-75.745
-75.7449
-75.7447
-75.7445
-75.7444
-75.7442
-75.744
-75.7439
-75.7437
-75.7436
-75.7434
-75.7432
-75.7431
-75.7429
-75.7427
-75.7426
-75.7424
-75.7422
-75.7421
-75.7419
-75.7418
-75.7416
-75.7414
-75.7413
-75.7411
-75.7409
-75.7408
-75.7406
-75.7404
-75.7403
-75.7401
-75.7399
-75.7398
-75.7396
-75.7395
-75.7393
-75.7391
-75.739
-75.7388
-75.7386
-75.7385
-75.7383
-75.7382
-75.738
-75.7378
-75.7377
-75.7375
-75.7373
-75.7372
-75.737
-75.7368
-75.7367
-75.7365
-75.7364
-75.7362
-75.736
-75.7359
-75.7357
-75.7355
-75.7354
-75.7352
-75.7351
-75.7349
-75.7347
-75.7346
-75.7344
-75.7342
-75.7341
-75.7339
-75.7338
-75.7336
-75.7334
-75.7333
-75.7331
-75.7329
-75.7328
-75.7326
-75.7325
-75.7323
-75.7321
-75.732
-75.7318
-75.7316
-75.7315
-75.7313
-75.7312
-75.731
-75.7308
-75.7307
-75.7305
-75.7303
-75.7302
-75.73
-75.7299
-75.7297
-75.7295
-75.7294
-75.7292
-75.7291
-75.7289
-75.7287
-75.7286
-75.7284
-75.7282
-75.7281
-75.7279
-75.7278
-75.7276
-75.7274
-75.7273
-75.7271
-75.727
-75.7268
-75.7266
-75.7265
-75.7263
-75.7262
-75.726
-75.7258
-75.7257
-75.7255
-75.7253
-75.7252
-75.725
-75.7249
-75.7247
-75.7245
-75.7244
-75.7242
-75.7241
-75.7239
-75.7237
-75.7236
-75.7234
-75.7233
-75.7231
-75.7229
-75.7228
-75.7226
-75.7225
-75.7223
-75.7221
-75.722
-75.7218
-75.7217
-75.7215
-75.7213
-75.7212
-75.721
-75.7209
-75.7207
-75.7205
-75.7204
-75.7202
-75.7201
-75.7199
-75.7197
-75.7196
-75.7194
-75.7193
-75.7191
-75.7189
-75.7188
-75.7186
-75.7185
-75.7183
-75.7181
-75.718
-75.7178
-75.7177
-75.7175
-75.7173
-75.7172
-75.717
-75.7169
-75.7167
-75.7165
-75.7164
-75.7162
-75.7161
-75.7159
-75.7158
-75.7156
-75.7154
-75.7153
-75.7151
-75.715
-75.7148
-75.7146
-75.7145
-75.7143
-75.7142
-75.714
-75.7138
-75.7137
-75.7135
-75.7134
-75.7132
-75.7131
-75.7129
-75.7127
-75.7126
-75.7124
-75.7123
-75.7121
-75.7119
-75.7118
-75.7116
-75.7115
-75.7113
-75.7112
-75.711
-75.7108
-75.7107
-75.7105
-75.7104
-75.7102
-75.71
-75.7099
-75.7097
-75.7096
-75.7094
-75.7093
-75.7091
-75.7089
-75.7088
-75.7086
-75.7085
-75.7083
-75.7082
-75.708
-75.7078
-75.7077
-75.7075
-75.7074
-75.7072
-75.7071
-75.7069
-75.7067
-75.7066
-75.7064
-75.7063
-75.7061
-75.706
-75.7058
-75.7056
-75.7055
-75.7053
-75.7052
-75.705
-75.7049
-75.7047
-75.7045
-75.7044
-75.7042
-75.7041
-75.7039
-75.7038
-75.7036
-75.7034
-75.7033
-75.7031
-75.703
-75.7028
-75.7027
-75.7025
-75.7023
-75.7022
-75.702
-75.7019
-75.7017
-75.7016
-75.7014
-75.7013
-75.7011
-75.7009
-75.7008
-75.7006
-75.7005
-75.7003
-75.7002
-75.7
-75.6998
-75.6997
-75.6995
-75.6994
-75.6992
-75.6991
-75.6989
-75.6988
-75.6986
-75.6984
-75.6983
-75.6981
-75.698
-75.6978
-75.6977
-75.6975
-75.6974
-75.6972
-75.697
-75.6969
-75.6967
-75.6966
-75.6964
-75.6963
-75.6961
-75.696
-75.6958
-75.6956
-75.6955
-75.6953
-75.6952
-75.695
-75.6949
-75.6947
-75.6946
-75.6944
-75.6943
-75.6941
-75.6939
-75.6938
-75.6936
-75.6935
-75.6933
-75.6932
-75.693
-75.6929
-75.6927
-75.6926
-75.6924
-75.6922
-75.6921
-75.6919
-75.6918
-75.6916
-75.6915
-75.6913
-75.6912
-75.691
-75.6909
-75.6907
-75.6905
-75.6904
-75.6902
-75.6901
-75.6899
-75.6898
-75.6896
-75.6895
-75.6893
-75.6892
-75.689
-75.6889
-75.6887
-75.6885
-75.6884
-75.6882
-75.6881
-75.6879
-75.6878
-75.6876
-75.6875
-75.6873
-75.6872
-75.687
-75.6869
-75.6867
-75.6866
-75.6864
-75.6862
-75.6861
-75.6859
-75.6858
-75.6856
-75.6855
-75.6853
-75.6852
-75.685
-75.6849
-75.6847
-75.6846
-75.6844
-75.6843
-75.6841
-75.6839
-75.6838
-75.6836
-75.6835
-75.6833
-75.6832
-75.683
-75.6829
-75.6827
-75.6826
-75.6824
-75.6823
-75.6821
-75.682
-75.6818
-75.6817
-75.6815
-75.6814
-75.6812
-75.681
-75.6809
-75.6807
-75.6806
-75.6804
-75.6803
-75.6801
-75.68
-75.6798
-75.6797
-75.6795
-75.6794
-75.6792
-75.6791
-75.6789
-75.6788
-75.6786
-75.6785
-75.6783
-75.6782
-75.678
-75.6779
-75.6777
-75.6776
-75.6774
-75.6773
-75.6771
-75.6769
-75.6768
-75.6766
-75.6765
-75.6763
-75.6762
-75.676
-75.6759
-75.6757
-75.6756
-75.6754
-75.6753
-75.6751
-75.675
-75.6748
-75.6747
-75.6745
-75.6744
-75.6742
-75.6741
-75.6739
-75.6738
-75.6736
-75.6735
-75.6733
-75.6732
-75.673
-75.6729
-75.6727
-75.6726
-75.6724
-75.6723
-75.6721
-75.672
-75.6718
-75.6717
-75.6715
-75.6714
-75.6712
-75.6711
-75.6709
-75.6708
-75.6706
-75.6705
-75.6703
-75.6702
-75.67
-75.6699
-75.6697
-75.6696
-75.6694
-75.6693
-75.6691
-75.669
-75.6688
-75.6687
-75.6685
-75.6684
-75.6682
-75.6681
-75.6679
-75.6678
-75.6676
-75.6675
-75.6673
-75.6672
-75.667
-75.6669
-75.6667
-75.6666
-75.6664
-75.6663
-75.6661
-75.666
-75.6658
-75.6657
-75.6655
-75.6654
-75.6652
-75.6651
-75.6649
-75.6648
-75.6646
-75.6645
-75.6643
-75.6642
-75.664
-75.6639
-75.6637
-75.6636
-75.6634
-75.6633
-75.6631
-75.663
-75.6628
-75.6627
-75.6625
-75.6624
-75.6623
-75.6621
-75.662
-75.6618
-75.6617
-75.6615
-75.6614
-75.6612
-75.6611
-75.6609
-75.6608
-75.6606
-75.6605
-75.6603
-75.6602
-75.66
-75.6599
-75.6597
-75.6596
-75.6594
-75.6593
-75.6591
-75.659
-75.6588
-75.6587
-75.6585
-75.6584
-75.6583
-75.6581
-75.658
-75.6578
-75.6577
-75.6575
-75.6574
-75.6572
-75.6571
-75.6569
-75.6568
-75.6566
-75.6565
-75.6563
-75.6562
-75.656
-75.6559
-75.6557
-75.6556
-75.6555
-75.6553
-75.6552
-75.655
-75.6549
-75.6547
-75.6546
-75.6544
-75.6543
-75.6541
-75.654
-75.6538
-75.6537
-75.6535
-75.6534
-75.6532
-75.6531
-75.653
-75.6528
-75.6527
-75.6525
-75.6524
-75.6522
-75.6521
-75.6519
-75.6518
-75.6516
-75.6515
-75.6513
-75.6512
-75.6511
-75.6509
-75.6508
-75.6506
-75.6505
-75.6503
-75.6502
-75.65
-75.6499
-75.6497
-75.6496
-75.6494
-75.6493
-75.6492
-75.649
-75.6489
-75.6487
-75.6486
-75.6484
-75.6483
-75.6481
-75.648
-75.6478
-75.6477
-75.6475
-75.6474
-75.6473
-75.6471
-75.647
-75.6468
-75.6467
-75.6465
-75.6464
-75.6462
-75.6461
-75.6459
-75.6458
-75.6457
-75.6455
-75.6454
-75.6452
-75.6451
-75.6449
-75.6448
-75.6446
-75.6445
-75.6444
-75.6442
-75.6441
-75.6439
-75.6438
-75.6436
-75.6435
-75.6433
-75.6432
-75.6431
-75.6429
-75.6428
-75.6426
-75.6425
-75.6423
-75.6422
-75.642
-75.6419
-75.6417
-75.6416
-75.6415
-75.6413
-75.6412
-75.641
-75.6409
-75.6407
-75.6406
-75.6405
-75.6403
-75.6402
-75.64
-75.6399
-75.6397
-75.6396
-75.6394
-75.6393
-75.6392
-75.639
-75.6389
-75.6387
-75.6386
-75.6384
-75.6383
-75.6381
-75.638
-75.6379
-75.6377
-75.6376
-75.6374
-75.6373
-75.6371
-75.637
-75.6369
-75.6367
-75.6366
-75.6364
-75.6363
-75.6361
-75.636
-75.6359
-75.6357
-75.6356
-75.6354
-75.6353
-75.6351
-75.635
-75.6349
-75.6347
-75.6346
-75.6344
-75.6343
-75.6341
-75.634
-75.6339
-75.6337
-75.6336
-75.6334
-75.6333
-75.6331
-75.633
-75.6329
-75.6327
-75.6326
-75.6324
-75.6323
-75.6321
-75.632
-75.6319
-75.6317
-75.6316
-75.6314
-75.6313
-75.6311
-75.631
-75.6309
-75.6307
-75.6306
-75.6304
-75.6303
-75.6302
-75.63
-75.6299
-75.6297
-75.6296
-75.6294
-75.6293
-75.6292
-75.629
-75.6289
-75.6287
-75.6286
-75.6284
-75.6283
-75.6282
-75.628
-75.6279
-75.6277
-75.6276
-75.6275
-75.6273
-75.6272
-75.627
-75.6269
-75.6268
-75.6266
-75.6265
-75.6263
-75.6262
-75.626
-75.6259
-75.6258
-75.6256
-75.6255
-75.6253
-75.6252
-75.6251
-75.6249
-75.6248
-75.6246
-75.6245
-75.6244
-75.6242
-75.6241
-75.6239
-75.6238
-75.6236
-75.6235
-75.6234
-75.6232
-75.6231
-75.6229
-75.6228
-75.6227
-75.6225
-75.6224
-75.6222
-75.6221
-75.622
-75.6218
-75.6217
-75.6215
-75.6214
-75.6213
-75.6211
-75.621
-75.6208
-75.6207
-75.6206
-75.6204
-75.6203
-75.6201
-75.62
-75.6199
-75.6197
-75.6196
-75.6194
-75.6193
-75.6192
-75.619
-75.6189
-75.6187
-75.6186
-75.6185
-75.6183
-75.6182
-75.618
-75.6179
-75.6178
-75.6176
-75.6175
-75.6173
-75.6172
-75.6171
-75.6169
-75.6168
-75.6167
-75.6165
-75.6164
-75.6162
-75.6161
-75.616
-75.6158
-75.6157
-75.6155
-75.6154
-75.6153
-75.6151
-75.615
-75.6148
-75.6147
-75.6146
-75.6144
-75.6143
-75.6142
-75.614
-75.6139
-75.6137
-75.6136
-75.6135
-75.6133
-75.6132
-75.613
-75.6129
-75.6128
-75.6126
-75.6125
-75.6124
-75.6122
-75.6121
-75.6119
-75.6118
-75.6117
-75.6115
-75.6114
-75.6112
-75.6111
-75.611
-75.6108
-75.6107
-75.6106
-75.6104
-75.6103
-75.6101

