-100 0.000000 1.389 1.000000 50 0.000000 5.556 1.000000 200 0.001047 0.2 0.971513 1.8
-99.85 0.000000 1.391 1.000000 50 0.000000 5.564 1.000000 200 0.001072 0.2 0.971047 1.805
-99.7 0.000000 1.393 1.000000 50 0.000000 5.572 1.000000 200 0.001097 0.2 0.970579 1.811
-99.55 0.000000 1.394 1.000000 50 0.000000 5.576 1.000000 200 0.001122 0.2 0.970107 1.816
-99.4 0.000000 1.396 1.000000 50 0.000000 5.584 1.000000 200 0.001146 0.2 0.969633 1.822
-99.25 0.000000 1.398 1.000000 50 0.000000 5.592 1.000000 200 0.001171 0.2 0.969156 1.827
-99.1 0.000000 1.4 1.000000 50 0.000000 5.6 1.000000 200 0.001196 0.2 0.968676 1.833
-98.95 0.000000 1.402 1.000000 50 0.000000 5.608 1.000000 200 0.00122 0.2 0.968193 1.839
-98.8 0.000000 1.404 1.000000 50 0.000000 5.616 1.000000 200 0.001245 0.2 0.967707 1.844
-98.65 0.000000 1.406 1.000000 50 0.000000 5.624 1.000000 200 0.00127 0.2 0.967218 1.85
-98.5 0.000000 1.408 1.000000 50 0.000000 5.632 1.000000 200 0.001295 0.2 0.966726 1.856
-98.35 0.000000 1.41 1.000000 50 0.000000 5.64 1.000000 200 0.001319 0.2 0.966231 1.861
-98.2 0.000000 1.411 1.000000 50 0.000000 5.644 1.000000 200 0.001344 0.2 0.965733 1.867
-98.05 0.000000 1.413 1.000000 50 0.000000 5.652 1.000000 200 0.001369 0.2 0.965231 1.873
-97.9 0.000000 1.415 1.000000 50 0.000000 5.66 1.000000 200 0.001394 0.2 0.964727 1.879
-97.75 0.000000 1.417 1.000000 50 0.000000 5.668 1.000000 200 0.001418 0.2 0.96422 1.885
-97.6 0.000000 1.419 1.000000 50 0.000000 5.676 1.000000 200 0.001443 0.2 0.963709 1.891
-97.45 0.000000 1.421 1.000000 50 0.000000 5.684 1.000000 200 0.001468 0.2 0.963195 1.897
-97.3 0.000000 1.423 1.000000 50 0.000000 5.692 1.000000 200 0.001492 0.2 0.962678 1.903
-97.15 0.000000 1.425 1.000000 50 0.000000 5.7 1.000000 200 0.001517 0.2 0.962157 1.909
-97 0.000000 1.427 1.000000 50 0.000000 5.708 1.000000 200 0.001542 0.2 0.961633 1.915
-96.85 0.000000 1.429 1.000000 50 0.000000 5.716 1.000000 200 0.001567 0.2 0.961106 1.921
-96.7 0.000000 1.431 1.000000 50 0.000000 5.724 1.000000 200 0.001591 0.2 0.960575 1.927
-96.55 0.000000 1.433 1.000000 50 0.000000 5.732 1.000000 200 0.001616 0.2 0.960041 1.933
-96.4 0.000000 1.435 1.000000 50 0.000000 5.74 1.000000 200 0.001641 0.2 0.959504 1.94
-96.25 0.000000 1.437 1.000000 50 0.000000 5.748 1.000000 200 0.001666 0.2 0.958963 1.946
-96.1 0.000000 1.439 1.000000 50 0.000000 5.756 1.000000 200 0.00169 0.2 0.958418 1.952
-95.95 0.000000 1.441 1.000000 50 0.000000 5.764 1.000000 200 0.001715 0.2 0.95787 1.959
-95.8 0.000000 1.443 1.000000 50 0.000000 5.772 1.000000 200 0.00174 0.2 0.957319 1.965
-95.65 0.000000 1.445 1.000000 50 0.000000 5.78 1.000000 200 0.001764 0.2 0.956764 1.972
-95.5 0.000000 1.447 1.000000 50 0.000000 5.788 1.000000 200 0.001789 0.2 0.956205 1.978
-95.35 0.000000 1.449 1.000000 50 0.000000 5.796 1.000000 200 0.001814 0.2 0.955642 1.985
-95.2 0.000000 1.451 1.000000 50 0.000000 5.804 1.000000 200 0.001839 0.2 0.955076 1.991
-95.05 0.000000 1.453 1.000000 50 0.000000 5.812 1.000000 200 0.001863 0.2 0.954506 1.998
-94.9 0.000000 1.455 1.000000 50 0.000000 5.82 1.000000 200 0.001896 0.201 0.953866 2.007
-94.75 0.000000 1.457 1.000000 50 0.000000 5.828 1.000000 200 0.001933 0.202 0.953188 2.017
-94.6 0.000000 1.459 1.000000 50 0.000000 5.836 1.000000 200 0.001971 0.203 0.952503 2.027
-94.45 0.000000 1.461 1.000000 50 0.000000 5.844 1.000000 200 0.002009 0.204 0.951811 2.037
-94.3 0.000000 1.463 1.000000 50 0.000000 5.852 1.000000 200 0.002047 0.205 0.951112 2.048
-94.15 0.000000 1.465 1.000000 50 0.000000 5.86 1.000000 200 0.002086 0.206 0.950406 2.058
-94 0.000000 1.467 1.000000 50 0.000000 5.868 1.000000 200 0.002125 0.207 0.949693 2.069
-93.85 0.000000 1.469 1.000000 50 0.000000 5.876 1.000000 200 0.002165 0.208 0.948972 2.08
-93.7 0.000000 1.471 1.000000 50 0.000000 5.884 1.000000 200 0.002205 0.209 0.948243 2.091
-93.55 0.000000 1.473 1.000000 50 0.000000 5.892 1.000000 200 0.002245 0.21 0.947507 2.102
-93.4 0.000000 1.475 1.000000 50 0.000000 5.9 1.000000 200 0.002286 0.211 0.946763 2.113
-93.25 0.000000 1.478 1.000000 50 0.000000 5.912 1.000000 200 0.002327 0.212 0.946012 2.124
-93.1 0.000000 1.48 1.000000 50 0.000000 5.92 1.000000 200 0.002369 0.214 0.945252 2.135
-92.95 0.000000 1.482 1.000000 50 0.000000 5.928 1.000000 200 0.002411 0.215 0.944484 2.147
-92.8 0.000000 1.484 1.000000 50 0.000000 5.936 1.000000 200 0.002454 0.216 0.943708 2.158
-92.65 0.000000 1.486 1.000000 50 0.000000 5.944 1.000000 200 0.002497 0.217 0.942923 2.17
-92.5 0.000000 1.488 1.000000 50 0.000000 5.952 1.000000 200 0.00254 0.218 0.94213 2.182
-92.35 0.000000 1.49 1.000000 50 0.000000 5.96 1.000000 200 0.002584 0.219 0.941328 2.194
-92.2 0.000000 1.492 1.000000 50 0.000000 5.968 1.000000 200 0.002629 0.221 0.940517 2.206
-92.05 0.000000 1.495 1.000000 50 0.000000 5.98 1.000000 200 0.002674 0.222 0.939697 2.218
-91.9 0.000000 1.497 1.000000 50 0.000000 5.988 1.000000 200 0.002719 0.223 0.938868 2.23
-91.75 0.000000 1.499 1.000000 50 0.000000 5.996 1.000000 200 0.002765 0.224 0.93803 2.243
-91.6 0.000000 1.501 1.000000 50 0.000000 6.004 1.000000 200 0.002812 0.226 0.937182 2.256
-91.45 0.000000 1.503 1.000000 50 0.000000 6.012 1.000000 200 0.002859 0.227 0.936325 2.268
-91.3 0.000000 1.505 1.000000 50 0.000000 6.02 1.000000 200 0.002906 0.228 0.935458 2.281
-91.15 0.000000 1.507 1.000000 50 0.000000 6.028 1.000000 200 0.002954 0.229 0.934581 2.294
-91 0.000000 1.51 1.000000 50 0.000000 6.04 1.000000 200 0.003003 0.231 0.933694 2.308
-90.85 0.000000 1.512 1.000000 50 0.000000 6.048 1.000000 200 0.003052 0.232 0.932796 2.321
-90.7 0.000000 1.514 1.000000 50 0.000000 6.056 1.000000 200 0.003102 0.233 0.931889 2.335
-90.55 0.000000 1.516 1.000000 50 0.000000 6.064 1.000000 200 0.003153 0.235 0.93097 2.348
-90.4 0.000000 1.518 1.000000 50 0.000000 6.072 1.000000 200 0.003204 0.236 0.930041 2.362
-90.25 0.000000 1.521 1.000000 50 0.000000 6.084 1.000000 200 0.003255 0.238 0.9291 2.376
-90.1 0.000000 1.523 1.000000 50 0.000000 6.092 1.000000 200 0.001047 0.2 0.971513 1.8
-89.95 0.000000 1.525 1.000000 50 0.000000 6.1 1.000000 200 0.001072 0.2 0.971047 1.805
-89.8 0.000000 1.527 1.000000 50 0.000000 6.108 1.000000 200 0.001097 0.2 0.970579 1.811
-89.65 0.000000 1.53 1.000000 50 0.000000 6.12 1.000000 200 0.001122 0.2 0.970107 1.816
-89.5 0.000000 1.532 1.000000 50 0.000000 6.128 1.000000 200 0.001146 0.2 0.969633 1.822
-89.35 0.000000 1.534 1.000000 50 0.000000 6.136 1.000000 200 0.001171 0.2 0.969156 1.827
-89.2 0.000000 1.536 1.000000 50 0.000000 6.144 1.000000 200 0.001196 0.2 0.968676 1.833
-89.05 0.000000 1.539 1.000000 50 0.000000 6.156 1.000000 200 0.00122 0.2 0.968193 1.839
-88.9 0.000000 1.541 1.000000 50 0.000000 6.164 1.000000 200 0.001245 0.2 0.967707 1.844
-88.75 0.000000 1.543 1.000000 50 0.000000 6.172 1.000000 200 0.00127 0.2 0.967218 1.85
-88.6 0.000000 1.545 1.000000 50 0.000000 6.18 1.000000 200 0.001295 0.2 0.966726 1.856
-88.45 0.000000 1.548 1.000000 50 0.000000 6.192 1.000000 200 0.001319 0.2 0.966231 1.861
-88.3 0.000000 1.55 1.000000 50 0.000000 6.2 1.000000 200 0.001344 0.2 0.965733 1.867
-88.15 0.000000 1.552 1.000000 50 0.000000 6.208 1.000000 200 0.001369 0.2 0.965231 1.873
-88 0.000000 1.555 1.000000 50 0.000000 6.22 1.000000 200 0.001394 0.2 0.964727 1.879
-87.85 0.000000 1.557 1.000000 50 0.000000 6.228 1.000000 200 0.001418 0.2 0.96422 1.885
-87.7 0.000000 1.559 1.000000 50 0.000000 6.236 1.000000 200 0.001443 0.2 0.963709 1.891
-87.55 0.000000 1.562 1.000000 50 0.000000 6.248 1.000000 200 0.001468 0.2 0.963195 1.897
-87.4 0.000000 1.564 1.000000 50 0.000000 6.256 1.000000 200 0.001492 0.2 0.962678 1.903
-87.25 0.000000 1.566 1.000000 50 0.000000 6.264 1.000000 200 0.001517 0.2 0.962157 1.909
-87.1 0.000000 1.569 1.000000 50 0.000000 6.276 1.000000 200 0.001542 0.2 0.961633 1.915
-86.95 0.000000 1.571 1.000000 50 0.000000 6.284 1.000000 200 0.001567 0.2 0.961106 1.921
-86.8 0.000000 1.574 1.000000 50 0.000000 6.296 1.000000 200 0.001591 0.2 0.960575 1.927
-86.65 0.000000 1.576 1.000000 50 0.000000 6.304 1.000000 200 0.001616 0.2 0.960041 1.933
-86.5 0.000000 1.578 1.000000 50 0.000000 6.312 1.000000 200 0.001641 0.2 0.959504 1.94
-86.35 0.000000 1.581 1.000000 50 0.000000 6.324 1.000000 200 0.001666 0.2 0.958963 1.946
-86.2 0.000000 1.583 1.000000 50 0.000000 6.332 1.000000 200 0.00169 0.2 0.958418 1.952
-86.05 0.000000 1.585 1.000000 50 0.000000 6.34 1.000000 200 0.001715 0.2 0.95787 1.959
-85.9 0.000000 1.588 1.000000 50 0.000000 6.352 1.000000 200 0.00174 0.2 0.957319 1.965
-85.75 0.000000 1.59 1.000000 50 0.000000 6.36 1.000000 200 0.001764 0.2 0.956764 1.972
-85.6 0.000000 1.593 1.000000 50 0.000000 6.372 1.000000 200 0.001789 0.2 0.956205 1.978
-85.45 0.000000 1.595 1.000000 50 0.000000 6.38 1.000000 200 0.001814 0.2 0.955642 1.985
-85.3 0.000000 1.598 1.000000 50 0.000000 6.392 1.000000 200 0.001839 0.2 0.955076 1.991
-85.15 0.000000 1.6 1.000000 50 0.000000 6.4 1.000000 200 0.001863 0.2 0.954506 1.998
-85 0.000000 1.603 1.000000 50 0.000000 6.412 1.000000 200 0.001896 0.201 0.953866 2.007
-84.85 0.000000 1.605 1.000000 50 0.000000 6.42 1.000000 200 0.001933 0.202 0.953188 2.017
-84.7 0.000000 1.608 1.000000 50 0.000000 6.432 1.000000 200 0.001971 0.203 0.952503 2.027
-84.55 0.000000 1.61 1.000000 50 0.000000 6.44 1.000000 200 0.002009 0.204 0.951811 2.037
-84.4 0.000000 1.612 1.000000 50 0.000000 6.448 1.000000 200 0.002047 0.205 0.951112 2.048
-84.25 0.000000 1.615 1.000000 50 0.000000 6.46 1.000000 200 0.002086 0.206 0.950406 2.058
-84.1 0.000000 1.617 1.000000 50 0.000000 6.468 1.000000 200 0.002125 0.207 0.949693 2.069
-83.95 0.000000 1.62 1.000000 50 0.000000 6.48 1.000000 200 0.002165 0.208 0.948972 2.08
-83.8 0.000000 1.623 1.000000 50 0.000000 6.492 1.000000 200 0.002205 0.209 0.948243 2.091
-83.65 0.000000 1.625 1.000000 50 0.000000 6.5 1.000000 200 0.002245 0.21 0.947507 2.102
-83.5 0.000000 1.628 1.000000 50 0.000000 6.512 1.000000 200 0.002286 0.211 0.946763 2.113
-83.35 0.000000 1.63 1.000000 50 0.000000 6.52 1.000000 200 0.002327 0.212 0.946012 2.124
-83.2 0.000000 1.633 1.000000 50 0.000000 6.532 1.000000 200 0.002369 0.214 0.945252 2.135
-83.05 0.000000 1.635 1.000000 50 0.000000 6.54 1.000000 200 0.002411 0.215 0.944484 2.147
-82.9 0.000000 1.638 1.000000 50 0.000000 6.552 1.000000 200 0.002454 0.216 0.943708 2.158
-82.75 0.000000 1.64 1.000000 50 0.000000 6.56 1.000000 200 0.002497 0.217 0.942923 2.17
-82.6 0.000000 1.643 1.000000 50 0.000000 6.572 1.000000 200 0.00254 0.218 0.94213 2.182
-82.45 0.000000 1.646 1.000000 50 0.000000 6.584 1.000000 200 0.002584 0.219 0.941328 2.194
-82.3 0.000000 1.648 1.000000 50 0.000000 6.592 1.000000 200 0.002629 0.221 0.940517 2.206
-82.15 0.000000 1.651 1.000000 50 0.000000 6.604 1.000000 200 0.002674 0.222 0.939697 2.218
-82 0.000000 1.653 1.000000 50 0.000000 6.612 1.000000 200 0.002719 0.223 0.938868 2.23
-81.85 0.000000 1.656 1.000000 50 0.000000 6.624 1.000000 200 0.002765 0.224 0.93803 2.243
-81.7 0.000000 1.659 1.000000 50 0.000000 6.636 1.000000 200 0.002812 0.226 0.937182 2.256
-81.55 0.000000 1.661 1.000000 50 0.000000 6.644 1.000000 200 0.002859 0.227 0.936325 2.268
-81.4 0.000000 1.664 1.000000 50 0.000000 6.656 1.000000 200 0.002906 0.228 0.935458 2.281
-81.25 0.000000 1.667 1.000000 50 0.000000 6.668 1.000000 200 0.002954 0.229 0.934581 2.294
-81.1 0.000000 1.669 1.000000 50 0.000000 6.676 1.000000 200 0.003003 0.231 0.933694 2.308
-80.95 0.000000 1.672 1.000000 50 0.000000 6.688 1.000000 200 0.003052 0.232 0.932796 2.321
-80.8 0.000000 1.675 1.000000 50 0.000000 6.7 1.000000 200 0.003102 0.233 0.931889 2.335
-80.65 0.000000 1.677 1.000000 50 0.000000 6.708 1.000000 200 0.003153 0.235 0.93097 2.348
-80.5 0.000000 1.68 1.000000 50 0.000000 6.72 1.000000 200 0.003204 0.236 0.930041 2.362
-80.35 0.000000 1.683 1.000000 50 0.000000 6.732 1.000000 200 0.003255 0.238 0.9291 2.376
-80.2 0.000000 1.686 1.000000 50 0.000000 6.744 1.000000 200 0.003307 0.239 0.928148 2.39
-80.05 0.000000 1.688 1.000000 50 0.000000 6.752 1.000000 200 0.003429 0.239 0.926932 2.393
-79.9 0.000000 1.691 1.000000 50 0.000000 6.764 1.000000 200 0.003489 0.241 0.925937 2.407
-79.75 0.000000 1.694 1.000000 50 0.000000 6.776 1.000000 200 0.00355 0.242 0.92493 2.42
-79.6 0.000000 1.697 1.000000 50 0.000000 6.788 1.000000 200 0.003612 0.243 0.92391 2.434
-79.45 0.000000 1.699 1.000000 50 0.000000 6.796 1.000000 200 0.003675 0.245 0.922877 2.447
-79.3 0.000000 1.702 1.000000 50 0.000000 6.808 1.000000 200 0.00374 0.246 0.921832 2.461
-79.15 0.000000 1.705 1.000000 50 0.000000 6.82 1.000000 200 0.003805 0.247 0.920773 2.475
-79 0.000000 1.708 1.000000 50 0.000000 6.832 1.000000 200 0.003872 0.249 0.919701 2.489
-78.85 0.000000 1.71 1.000000 50 0.000000 6.84 1.000000 200 0.00394 0.25 0.918615 2.503
-78.7 0.000000 1.713 1.000000 50 0.000000 6.852 1.000000 200 0.004009 0.252 0.917515 2.517
-78.55 0.000000 1.716 1.000000 50 0.000000 6.864 1.000000 200 0.004079 0.253 0.916402 2.531
-78.4 0.000000 1.719 1.000000 50 0.000000 6.876 1.000000 200 0.004151 0.254 0.915274 2.545
-78.25 0.000000 1.722 1.000000 50 0.000000 6.888 1.000000 200 0.004224 0.256 0.914132 2.559
-78.1 0.000000 1.725 1.000000 50 0.000000 6.9 1.000000 200 0.004298 0.257 0.912976 2.574
-77.95 0.000000 1.728 1.000000 50 0.000000 6.912 1.000000 200 0.004374 0.259 0.911805 2.588
-77.8 0.000000 1.73 1.000000 50 0.000000 6.92 1.000000 200 0.004451 0.26 0.91062 2.602
-77.65 0.000000 1.733 1.000000 50 0.000000 6.932 1.000000 200 0.004529 0.262 0.90942 2.617
-77.5 0.000000 1.736 1.000000 50 0.000000 6.944 1.000000 200 0.004609 0.263 0.908204 2.631
-77.35 0.000000 1.739 1.000000 50 0.000000 6.956 1.000000 200 0.004691 0.265 0.906974 2.646
-77.2 0.000000 1.742 1.000000 50 0.000000 6.968 1.000000 200 0.004774 0.266 0.905728 2.661
-77.05 0.000000 1.745 1.000000 50 0.000000 6.98 1.000000 200 0.004858 0.267 0.904466 2.676
-76.9 0.000000 1.748 1.000000 50 0.000000 6.992 1.000000 200 0.004944 0.269 0.90319 2.69
-76.75 0.000000 1.751 1.000000 50 0.000000 7.004 1.000000 200 0.005032 0.27 0.901897 2.705
-76.6 0.000000 1.754 1.000000 50 0.000000 7.016 1.000000 200 0.005121 0.272 0.900588 2.72
-76.45 0.000000 1.757 1.000000 50 0.000000 7.028 1.000000 200 0.005212 0.273 0.899264 2.735
-76.3 0.000000 1.76 1.000000 50 0.000000 7.04 1.000000 200 0.005304 0.275 0.897923 2.75
-76.15 0.000000 1.763 1.000000 50 0.000000 7.052 1.000000 200 0.005398 0.276 0.896566 2.765
-76 0.000000 1.766 1.000000 50 0.000000 7.064 1.000000 200 0.005494 0.278 0.895193 2.78
-75.85 0.000000 1.769 1.000000 50 0.000000 7.076 1.000000 200 0.005592 0.279 0.893804 2.795
-75.7 0.000000 1.772 1.000000 50 0.000000 7.088 1.000000 200 0.005691 0.281 0.892398 2.81
-75.55 0.000000 1.775 1.000000 50 0.000000 7.1 1.000000 200 0.005792 0.282 0.890975 2.825
-75.4 0.000000 1.778 1.000000 50 0.000000 7.112 1.000000 200 0.005895 0.283 0.889536 2.84
-75.25 0.000000 1.782 1.000000 50 0.000000 7.128 1.000000 200 0.006 0.285 0.88808 2.856
-75.1 0.000000 1.785 1.000000 50 0.000000 7.14 1.000000 200 0.006106 0.286 0.886607 2.871
-74.95 0.000000 1.788 1.000000 50 0.000000 7.152 1.000000 200 0.006215 0.288 0.885117 2.886
-74.8 0.000000 1.791 1.000000 50 0.000000 7.164 1.000000 200 0.006325 0.289 0.88361 2.901
-74.65 0.000000 1.794 1.000000 50 0.000000 7.176 1.000000 200 0.006437 0.291 0.882087 2.916
-74.5 0.000000 1.797 1.000000 50 0.000000 7.188 1.000000 200 0.006551 0.292 0.880547 2.931
-74.35 0.000000 1.801 1.000000 50 0.000000 7.204 1.000000 200 0.006667 0.294 0.878991 2.947
-74.2 0.000000 1.804 1.000000 50 0.000000 7.216 1.000000 200 0.006785 0.295 0.877417 2.962
-74.05 0.000000 1.807 1.000000 50 0.000000 7.228 1.000000 200 0.006904 0.296 0.875827 2.977
-73.9 0.000000 1.81 1.000000 50 0.000000 7.24 1.000000 200 0.007026 0.298 0.874221 2.992
-73.75 0.000000 1.814 1.000000 50 0.000000 7.256 1.000000 200 0.00715 0.299 0.872598 3.007
-73.6 0.000000 1.817 1.000000 50 0.000000 7.268 1.000000 200 0.007275 0.301 0.870958 3.023
-73.45 0.000000 1.82 1.000000 50 0.000000 7.28 1.000000 200 0.007403 0.302 0.869302 3.038
-73.3 0.000000 1.824 1.000000 50 0.000000 7.296 1.000000 200 0.007533 0.303 0.86763 3.053
-73.15 0.000000 1.827 1.000000 50 0.000000 7.308 1.000000 200 0.007665 0.305 0.865941 3.069
-73 0.000000 1.83 1.000000 50 0.000000 7.32 1.000000 200 0.007799 0.306 0.864235 3.084
-72.85 0.000000 1.834 1.000000 50 0.000000 7.336 1.000000 200 0.007935 0.308 0.862513 3.1
-72.7 0.000000 1.837 1.000000 50 0.000000 7.348 1.000000 200 0.008073 0.309 0.860774 3.115
-72.55 0.000000 1.84 1.000000 50 0.000000 7.36 1.000000 200 0.008213 0.311 0.859019 3.131
-72.4 0.000000 1.844 1.000000 50 0.000000 7.376 1.000000 200 0.008356 0.312 0.857247 3.147
-72.25 0.000000 1.847 1.000000 50 0.000000 7.388 1.000000 200 0.0085 0.313 0.855458 3.162
-72.1 0.000000 1.851 1.000000 50 0.000000 7.404 1.000000 200 0.008647 0.315 0.853653 3.178
-71.95 0.000000 1.854 1.000000 50 0.000000 7.416 1.000000 200 0.008797 0.316 0.851831 3.194
-71.8 0.000000 1.858 1.000000 50 0.000000 7.432 1.000000 200 0.008948 0.318 0.849991 3.21
-71.65 0.000000 1.861 1.000000 50 0.000000 7.444 1.000000 200 0.009103 0.319 0.848135 3.226
-71.5 0.000000 1.865 1.000000 50 0.000000 7.46 1.000000 200 0.009259 0.321 0.846261 3.242
-71.35 0.000000 1.868 1.000000 50 0.000000 7.472 1.000000 200 0.009418 0.322 0.84437 3.259
-71.2 0.000000 1.872 1.000000 50 0.000000 7.488 1.000000 200 0.00958 0.324 0.842462 3.275
-71.05 0.000000 1.875 1.000000 50 0.000000 7.5 1.000000 200 0.009744 0.325 0.840536 3.291
-70.9 0.000000 1.879 1.000000 50 0.000000 7.516 1.000000 200 0.009911 0.327 0.838592 3.308
-70.75 0.000000 1.882 1.000000 50 0.000000 7.528 1.000000 200 0.010081 0.328 0.836631 3.325
-70.6 0.000000 1.886 1.000000 50 0.000000 7.544 1.000000 200 0.010253 0.33 0.834651 3.342
-70.45 0.000000 1.889 1.000000 50 0.000000 7.556 1.000000 200 0.010428 0.332 0.832652 3.359
-70.3 0.000000 1.893 1.000000 50 0.000000 7.572 1.000000 200 0.010606 0.333 0.830635 3.376
-70.15 0.000000 1.896 1.000000 50 0.000000 7.584 1.000000 200 0.010787 0.335 0.828599 3.393
-70 0.000000 1.9 1.000000 50 0.000000 7.6 1.000000 200 0.010971 0.337 0.826544 3.411
-69.85 0.000000 1.904 1.000000 50 0.000000 7.616 1.000000 200 0.011159 0.338 0.824469 3.428
-69.7 0.000000 1.907 1.000000 50 0.000000 7.628 1.000000 200 0.011349 0.34 0.822375 3.446
-69.55 0.000000 1.911 1.000000 50 0.000000 7.644 1.000000 200 0.011543 0.342 0.820261 3.464
-69.4 0.000000 1.914 1.000000 50 0.000000 7.656 1.000000 200 0.01174 0.343 0.818128 3.483
-69.25 0.000000 1.918 1.000000 50 0.000000 7.672 1.000000 200 0.011941 0.345 0.815976 3.501
-69.1 0.000000 1.922 1.000000 50 0.000000 7.688 1.000000 200 0.012145 0.347 0.813804 3.52
-68.95 0.000000 1.925 1.000000 50 0.000000 7.7 1.000000 200 0.012352 0.349 0.811613 3.538
-68.8 0.000000 1.929 1.000000 50 0.000000 7.716 1.000000 200 0.012563 0.351 0.809402 3.557
-68.65 0.000000 1.932 1.000000 50 0.000000 7.728 1.000000 200 0.012778 0.353 0.807172 3.577
-68.5 0.000000 1.936 1.000000 50 0.000000 7.744 1.000000 200 0.012997 0.355 0.804922 3.596
-68.35 0.000000 1.94 1.000000 50 0.000000 7.76 1.000000 200 0.013219 0.356 0.802653 3.616
-68.2 0.000000 1.943 1.000000 50 0.000000 7.772 1.000000 200 0.013446 0.358 0.800365 3.635
-68.05 0.000000 1.947 1.000000 50 0.000000 7.788 1.000000 200 0.013676 0.36 0.798056 3.655
-67.9 0.000000 1.951 1.000000 50 0.000000 7.804 1.000000 200 0.013911 0.362 0.795729 3.676
-67.75 0.000000 1.954 1.000000 50 0.000000 7.816 1.000000 200 0.014149 0.364 0.793382 3.696
-67.6 0.000000 1.958 1.000000 50 0.000000 7.832 1.000000 200 0.014392 0.366 0.791015 3.717
-67.45 0.000000 1.962 1.000000 50 0.000000 7.848 1.000000 200 0.014639 0.369 0.788629 3.737
-67.3 0.000000 1.966 1.000000 50 0.000000 7.864 1.000000 200 0.014891 0.371 0.786223 3.758
-67.15 0.000000 1.969 1.000000 50 0.000000 7.876 1.000000 200 0.015147 0.373 0.783798 3.78
-67 0.000000 1.973 1.000000 50 0.000000 7.892 1.000000 200 0.015407 0.375 0.781353 3.801
-66.85 0.000000 1.977 1.000000 50 0.000000 7.908 1.000000 200 0.015672 0.377 0.77889 3.823
-66.7 0.000000 1.981 1.000000 50 0.000000 7.924 1.000000 200 0.015942 0.379 0.776406 3.845
-66.55 0.000000 1.984 1.000000 50 0.000000 7.936 1.000000 200 0.016216 0.381 0.773903 3.867
-66.4 0.000000 1.988 1.000000 50 0.000000 7.952 1.000000 200 0.016496 0.384 0.771381 3.889
-66.25 0.000000 1.992 1.000000 50 0.000000 7.968 1.000000 200 0.01678 0.386 0.76884 3.912
-66.1 0.000000 1.996 1.000000 50 0.000000 7.984 1.000000 200 0.017069 0.388 0.766279 3.935
-65.95 0.000000 2 1.000000 50 0.000000 8 1.000000 200 0.017363 0.39 0.763699 3.958
-65.8 0.000000 2.004 1.000000 50 0.000000 8.016 1.000000 200 0.017662 0.393 0.7611 3.981
-65.65 0.000000 2.007 1.000000 50 0.000000 8.028 1.000000 200 0.017966 0.395 0.758482 4.005
-65.5 0.000000 2.011 1.000000 50 0.000000 8.044 1.000000 200 0.018276 0.397 0.755845 4.029
-65.35 0.000000 2.015 1.000000 50 0.000000 8.06 1.000000 200 0.01859 0.4 0.753188 4.053
-65.2 0.000000 2.019 1.000000 50 0.000000 8.076 1.000000 200 0.01891 0.402 0.750513 4.077
-65.05 0.000000 2.023 1.000000 50 0.000000 8.092 1.000000 200 0.019236 0.404 0.747818 4.102
-64.9 0.000000 2.027 1.000000 50 0.000000 8.108 1.000000 200 0.019567 0.407 0.745105 4.126
-64.75 0.000000 2.031 1.000000 50 0.000000 8.124 1.000000 200 0.019903 0.409 0.742373 4.152
-64.6 0.000000 2.035 1.000000 50 0.000000 8.14 1.000000 200 0.020245 0.411 0.739622 4.177
-64.45 0.000000 2.039 1.000000 50 0.000000 8.156 1.000000 200 0.020593 0.414 0.736852 4.203
-64.3 0.000000 2.043 1.000000 50 0.000000 8.172 1.000000 200 0.020946 0.416 0.734063 4.228
-64.15 0.000000 2.047 1.000000 50 0.000000 8.188 1.000000 200 0.021305 0.419 0.731255 4.255
-64 0.000000 2.051 1.000000 50 0.000000 8.204 1.000000 200 0.02167 0.421 0.728428 4.281
-63.85 0.000000 2.055 1.000000 50 0.000000 8.22 1.000000 200 0.022041 0.424 0.725582 4.308
-63.7 0.000000 2.059 1.000000 50 0.000000 8.236 1.000000 200 0.022417 0.426 0.722717 4.335
-63.55 0.000000 2.063 1.000000 50 0.000000 8.252 1.000000 200 0.0228 0.429 0.719833 4.362
-63.4 0.000000 2.067 1.000000 50 0.000000 8.268 1.000000 200 0.023188 0.431 0.716931 4.39
-63.25 0.000000 2.071 1.000000 50 0.000000 8.284 1.000000 200 0.023583 0.434 0.71401 4.417
-63.1 0.000000 2.075 1.000000 50 0.000000 8.3 1.000000 200 0.023983 0.437 0.71107 4.446
-62.95 0.000000 2.08 1.000000 50 0.000000 8.32 1.000000 200 0.02439 0.439 0.708112 4.474
-62.8 0.000000 2.084 1.000000 50 0.000000 8.336 1.000000 200 0.024804 0.442 0.705135 4.503
-62.65 0.000000 2.088 1.000000 50 0.000000 8.352 1.000000 200 0.025223 0.445 0.702139 4.531
-62.5 0.000000 2.092 1.000000 50 0.000000 8.368 1.000000 200 0.02565 0.447 0.699126 4.561
-62.35 0.000000 2.096 1.000000 50 0.000000 8.384 1.000000 200 0.026082 0.45 0.696094 4.59
-62.2 0.000000 2.1 1.000000 50 0.000000 8.4 1.000000 200 0.026522 0.453 0.693045 4.62
-62.05 0.000000 2.105 1.000000 50 0.000000 8.42 1.000000 200 0.026968 0.455 0.689977 4.65
-61.9 0.000000 2.109 1.000000 50 0.000000 8.436 1.000000 200 0.027421 0.458 0.686893 4.68
-61.75 0.000000 2.113 1.000000 50 0.000000 8.452 1.000000 200 0.027881 0.461 0.68379 4.711
-61.6 0.000000 2.118 1.000000 50 0.000000 8.472 1.000000 200 0.028348 0.464 0.680671 4.742
-61.45 0.000000 2.122 1.000000 50 0.000000 8.488 1.000000 200 0.028823 0.467 0.677534 4.773
-61.3 0.000000 2.126 1.000000 50 0.000000 8.504 1.000000 200 0.029305 0.47 0.674381 4.804
-61.15 0.000000 2.131 1.000000 50 0.000000 8.524 1.000000 200 0.029794 0.473 0.671211 4.836
-61 0.000000 2.135 1.000000 50 0.000000 8.54 1.000000 200 0.030291 0.476 0.668025 4.868
-60.85 0.000000 2.139 1.000000 50 0.000000 8.556 1.000000 200 0.030795 0.479 0.664824 4.9
-60.7 0.000000 2.144 1.000000 50 0.000000 8.576 1.000000 200 0.031308 0.482 0.661607 4.933
-60.55 0.000000 2.148 1.000000 50 0.000000 8.592 1.000000 200 0.031828 0.485 0.658374 4.966
-60.4 0.000000 2.153 1.000000 50 0.000000 8.612 1.000000 200 0.032357 0.488 0.655127 4.999
-60.25 0.000000 2.157 1.000000 50 0.000000 8.628 1.000000 200 0.032894 0.492 0.651866 5.032
-60.1 0.000000 2.162 1.000000 50 0.000000 8.648 1.000000 200 0.03344 0.495 0.64859 5.066
-59.95 0.000000 2.166 1.000000 50 0.000000 8.664 1.000000 200 0.033995 0.498 0.645301 5.099
-59.8 0.000000 2.171 1.000000 50 0.000000 8.684 1.000000 200 0.034558 0.502 0.641999 5.134
-59.65 0.000000 2.175 1.000000 50 0.000000 8.7 1.000000 200 0.035131 0.505 0.638683 5.168
-59.5 0.000000 2.18 1.000000 50 0.000000 8.72 1.000000 200 0.035714 0.509 0.635355 5.203
-59.35 0.000000 2.184 1.000000 50 0.000000 8.736 1.000000 200 0.036307 0.512 0.632013 5.238
-59.2 0.000000 2.189 1.000000 50 0.000000 8.756 1.000000 200 0.036911 0.516 0.628659 5.273
-59.05 0.000000 2.193 1.000000 50 0.000000 8.772 1.000000 200 0.037525 0.519 0.625292 5.308
-58.9 0.000000 2.198 1.000000 50 0.000000 8.792 1.000000 200 0.03815 0.523 0.621913 5.344
-58.75 0.000000 2.203 1.000000 50 0.000000 8.812 1.000000 200 0.038787 0.527 0.618522 5.38
-58.6 0.000000 2.207 1.000000 50 0.000000 8.828 1.000000 200 0.039435 0.53 0.615118 5.416
-58.45 0.000000 2.212 1.000000 50 0.000000 8.848 1.000000 200 0.040095 0.534 0.611703 5.453
-58.3 0.000000 2.217 1.000000 50 0.000000 8.868 1.000000 200 0.040768 0.538 0.608277 5.49
-58.15 0.000000 2.221 1.000000 50 0.000000 8.884 1.000000 200 0.041453 0.542 0.60484 5.527
-58 0.000000 2.226 1.000000 50 0.000000 8.904 1.000000 200 0.042151 0.546 0.601391 5.564
-57.85 0.000000 2.231 1.000000 50 0.000000 8.924 1.000000 200 0.042863 0.549 0.597932 5.602
-57.7 0.000000 2.236 1.000000 50 0.000000 8.944 1.000000 200 0.043588 0.553 0.594462 5.64
-57.55 0.000000 2.241 1.000000 50 0.000000 8.964 1.000000 200 0.044327 0.557 0.590982 5.678
-57.4 0.000000 2.245 1.000000 50 0.000000 8.98 1.000000 200 0.04508 0.561 0.587493 5.717
-57.25 0.000000 2.25 1.000000 50 0.000000 9 1.000000 200 0.045847 0.565 0.583994 5.755
-57.1 0.000000 2.255 1.000000 50 0.000000 9.02 1.000000 200 0.046628 0.569 0.580486 5.795
-56.95 0.000000 2.26 1.000000 50 0.000000 9.04 1.000000 200 0.047425 0.573 0.576969 5.834
-56.8 0.000000 2.265 1.000000 50 0.000000 9.06 1.000000 200 0.048236 0.577 0.573443 5.874
-56.65 0.000000 2.27 1.000000 50 0.000000 9.08 1.000000 200 0.049063 0.581 0.569909 5.913
-56.5 0.000000 2.275 1.000000 50 0.000000 9.1 1.000000 200 0.049905 0.585 0.566368 5.954
-56.35 0.000000 2.28 1.000000 50 0.000000 9.12 1.000000 200 0.050763 0.589 0.562819 5.994
-56.2 0.000000 2.285 1.000000 50 0.000000 9.14 1.000000 200 0.051636 0.593 0.559263 6.035
-56.05 0.000000 2.29 1.000000 50 0.000000 9.16 1.000000 200 0.052525 0.597 0.555701 6.076
-55.9 0.000000 2.295 1.000000 50 0.000000 9.18 1.000000 200 0.053429 0.601 0.552133 6.117
-55.75 0.000000 2.3 1.000000 50 0.000000 9.2 1.000000 200 0.05435 0.605 0.548559 6.159
-55.6 0.000000 2.305 1.000000 50 0.000000 9.22 1.000000 200 0.055287 0.609 0.54498 6.201
-55.45 0.000000 2.31 1.000000 50 0.000000 9.24 1.000000 200 0.056239 0.613 0.541396 6.243
-55.3 0.000000 2.315 1.000000 50 0.000000 9.26 1.000000 200 0.057207 0.617 0.537808 6.285
-55.15 0.000000 2.32 1.000000 50 0.000000 9.28 1.000000 200 0.058191 0.62 0.534216 6.328
-55 0.000000 2.326 1.000000 50 0.000000 9.304 1.000000 200 0.059191 0.624 0.530621 6.371
-54.85 0.000000 2.331 1.000000 50 0.000000 9.324 1.000000 200 0.060206 0.628 0.527023 6.414
-54.7 0.000000 2.336 1.000000 50 0.000000 9.344 1.000000 200 0.061237 0.631 0.523423 6.457
-54.55 0.000000 2.341 1.000000 50 0.000000 9.364 1.000000 200 0.062282 0.635 0.519821 6.501
-54.4 0.000000 2.347 1.000000 50 0.000000 9.388 1.000000 200 0.063341 0.639 0.516217 6.545
-54.25 0.000000 2.352 1.000000 50 0.000000 9.408 1.000000 200 0.064414 0.642 0.512611 6.589
-54.1 0.000000 2.357 1.000000 50 0.000000 9.428 1.000000 200 0.065501 0.646 0.509005 6.634
-53.95 0.000000 2.363 1.000000 50 0.000000 9.452 1.000000 200 0.066602 0.649 0.505397 6.679
-53.8 0.000000 2.368 1.000000 50 0.000000 9.472 1.000000 200 0.067715 0.653 0.501789 6.724
-53.65 0.000000 2.373 1.000000 50 0.000000 9.492 1.000000 200 0.068842 0.656 0.498181 6.769
-53.5 0.000000 2.379 1.000000 50 0.000000 9.516 1.000000 200 0.069981 0.659 0.494573 6.815
-53.35 0.000000 2.384 1.000000 50 0.000000 9.536 1.000000 200 0.071132 0.663 0.490966 6.861
-53.2 0.000000 2.39 1.000000 50 0.000000 9.56 1.000000 200 0.072295 0.666 0.487359 6.907
-53.05 0.000000 2.395 1.000000 50 0.000000 9.58 1.000000 200 0.073471 0.669 0.483754 6.954
-52.9 0.000000 2.401 1.000000 50 0.000000 9.604 1.000000 200 0.074659 0.673 0.48015 7.001
-52.75 0.000000 2.406 1.000000 50 0.000000 9.624 1.000000 200 0.075858 0.676 0.476549 7.048
-52.6 0.000000 2.412 1.000000 50 0.000000 9.648 1.000000 200 0.077069 0.679 0.472949 7.096
-52.45 0.000000 2.417 1.000000 50 0.000000 9.668 1.000000 200 0.078292 0.683 0.469353 7.143
-52.3 0.000000 2.423 1.000000 50 0.000000 9.692 1.000000 200 0.079527 0.686 0.465759 7.191
-52.15 0.000000 2.429 1.000000 50 0.000000 9.716 1.000000 200 0.080774 0.69 0.462169 7.24
-52 0.000000 2.434 1.000000 50 0.000000 9.736 1.000000 200 0.082032 0.693 0.458583 7.289
-51.85 0.000000 2.44 1.000000 50 0.000000 9.76 1.000000 200 0.083303 0.696 0.455001 7.338
-51.7 0.000000 2.446 1.000000 50 0.000000 9.784 1.000000 200 0.084586 0.7 0.451423 7.387
-51.55 0.000000 2.451 1.000000 50 0.000000 9.804 1.000000 200 0.085882 0.704 0.44785 7.437
-51.4 0.000000 2.457 1.000000 50 0.000000 9.828 1.000000 200 0.08719 0.707 0.444283 7.487
-51.25 0.000000 2.463 1.000000 50 0.000000 9.852 1.000000 200 0.088512 0.711 0.440721 7.537
-51.1 0.000000 2.469 1.000000 50 0.000000 9.876 1.000000 200 0.089847 0.715 0.437166 7.588
-50.95 0.000000 2.475 1.000000 50 0.000000 9.9 1.000000 200 0.091197 0.718 0.433617 7.639
-50.8 0.000000 2.481 1.000000 50 0.000000 9.924 1.000000 200 0.092561 0.722 0.430074 7.69
-50.65 0.000000 2.487 1.000000 50 0.000000 9.948 1.000000 200 0.09394 0.726 0.426539 7.742
-50.5 0.000000 2.493 1.000000 50 0.000000 9.972 1.000000 200 0.095335 0.731 0.423012 7.794
-50.35 0.000000 2.499 1.000000 50 0.000000 9.996 1.000000 200 0.096747 0.735 0.419493 7.846
-50.2 0.000000 2.505 1.000000 50 0.000000 10.02 1.000000 200 0.098177 0.739 0.415982 7.899
-50.05 0.000000 2.511 1.000000 50 0.000000 10.044 1.000000 200 0.099624 0.744 0.41248 7.952
-49.9 0.000000 2.517 1.000000 50 0.000000 10.068 1.000000 200 0.101092 0.748 0.408987 8.005
-49.75 0.000000 2.523 1.000000 50 0.000000 10.092 1.000000 200 0.102581 0.753 0.405503 8.059
-49.6 0.000000 2.529 1.000000 50 0.000000 10.116 1.000000 200 0.104094 0.758 0.40203 8.113
-49.45 0.000000 2.535 1.000000 50 0.000000 10.14 1.000000 200 0.105633 0.763 0.398567 8.167
-49.3 0.000000 2.541 1.000000 50 0.000000 10.164 1.000000 200 0.107201 0.768 0.395115 8.222
-49.15 0.000000 2.547 1.000000 50 0.000000 10.188 1.000000 200 0.108798 0.774 0.391673 8.278
-49 0.000000 2.554 1.000000 50 0.000000 10.216 1.000000 200 0.110428 0.779 0.388244 8.333
-48.85 0.000000 2.56 1.000000 50 0.000000 10.24 1.000000 200 0.112091 0.784 0.384826 8.39
-48.7 0.000000 2.566 1.000000 50 0.000000 10.264 1.000000 200 0.113791 0.79 0.38142 8.446
-48.55 0.000000 2.573 1.000000 50 0.000000 10.292 1.000000 200 0.115528 0.795 0.378026 8.503
-48.4 0.000000 2.579 1.000000 50 0.000000 10.316 1.000000 200 0.117305 0.801 0.374645 8.561
-48.25 0.000000 2.585 1.000000 50 0.000000 10.34 1.000000 200 0.119123 0.807 0.371278 8.619
-48.1 0.000000 2.592 1.000000 50 0.000000 10.368 1.000000 200 0.120983 0.812 0.367924 8.677
-47.95 0.000000 2.598 1.000000 50 0.000000 10.392 1.000000 200 0.122888 0.818 0.364583 8.736
-47.8 0.000000 2.605 1.000000 50 0.000000 10.42 1.000000 200 0.124839 0.824 0.361256 8.795
-47.65 0.000000 2.611 1.000000 50 0.000000 10.444 1.000000 200 0.126836 0.829 0.357944 8.855
-47.5 0.000000 2.618 1.000000 50 0.000000 10.472 1.000000 200 0.128882 0.835 0.354647 8.916
-47.35 0.000000 2.625 1.000000 50 0.000000 10.5 1.000000 200 0.130976 0.84 0.351364 8.977
-47.2 0.000000 2.631 1.000000 50 0.000000 10.524 1.000000 200 0.133121 0.846 0.348096 9.038
-47.05 0.000000 2.638 1.000000 50 0.000000 10.552 1.000000 200 0.135316 0.851 0.344844 9.1
-46.9 0.000000 2.645 1.000000 50 0.000000 10.58 1.000000 200 0.137562 0.856 0.341607 9.163
-46.75 0.000000 2.652 1.000000 50 0.000000 10.608 1.000000 200 0.139859 0.862 0.338386 9.226
-46.6 0.000000 2.659 1.000000 50 0.000000 10.636 1.000000 200 0.142207 0.866 0.335181 9.29
-46.45 0.000000 2.666 1.000000 50 0.000000 10.664 1.000000 200 0.144606 0.871 0.331992 9.354
-46.3 0.000000 2.672 1.000000 50 0.000000 10.688 1.000000 200 0.147055 0.876 0.32882 9.419
-46.15 0.000000 2.679 1.000000 50 0.000000 10.716 1.000000 200 0.149554 0.88 0.325664 9.485
-46 0.000000 2.687 1.000000 50 0.000000 10.748 1.000000 200 0.152101 0.884 0.322526 9.552
-45.85 0.000000 2.694 1.000000 50 0.000000 10.776 1.000000 200 0.154696 0.888 0.319404 9.619
-45.7 0.000000 2.701 1.000000 50 0.000000 10.804 1.000000 200 0.157336 0.891 0.3163 9.687
-45.55 0.000000 2.708 1.000000 50 0.000000 10.832 1.000000 200 0.160019 0.894 0.313212 9.755
-45.4 0.000000 2.715 1.000000 50 0.000000 10.86 1.000000 200 0.162743 0.897 0.310143 9.825
-45.25 0.000000 2.722 1.000000 50 0.000000 10.888 1.000000 200 0.165506 0.9 0.307091 9.895
-45.1 0.000000 2.73 1.000000 50 0.000000 10.92 1.000000 200 0.168304 0.902 0.304056 9.966
-44.95 0.000000 2.737 1.000000 50 0.000000 10.948 1.000000 200 0.171133 0.903 0.301039 10.038
-44.8 0.000000 2.745 1.000000 50 0.000000 10.98 1.000000 200 0.173992 0.904 0.29804 10.111
-44.65 0.000000 2.752 0.999998 50 0.000000 11.008 0.999998 200 0.176876 0.905 0.295056 10.184
-44.5 0.000000 2.76 0.999995 50 0.000000 11.04 0.999995 200 0.179782 0.906 0.292089 10.258
-44.35 0.000000 2.767 0.999989 50 0.000000 11.068 0.999989 200 0.182708 0.906 0.289137 10.333
-44.2 0.000000 2.775 0.999980 50 0.000000 11.1 0.999980 200 0.18565 0.906 0.2862 10.409
-44.05 0.000000 2.783 0.999966 50 0.000000 11.132 0.999966 200 0.188607 0.905 0.283277 10.485
-43.9 0.000000 2.79 0.999947 50 0.000000 11.16 0.999947 200 0.191576 0.904 0.280367 10.562
-43.75 0.000000 2.798 0.999922 50 0.000000 11.192 0.999922 200 0.194554 0.903 0.277471 10.639
-43.6 0.000000 2.806 0.999890 50 0.000000 11.224 0.999890 200 0.19754 0.901 0.274589 10.717
-43.45 0.000000 2.814 0.999851 50 0.000000 11.256 0.999851 200 0.200531 0.9 0.271718 10.795
-43.3 0.000000 2.822 0.999803 50 0.000000 11.288 0.999803 200 0.203528 0.898 0.26886 10.873
-43.15 0.000000 2.829 0.999747 50 0.000000 11.316 0.999747 200 0.206528 0.896 0.266015 10.952
-43 0.000000 2.837 0.999680 50 0.000000 11.348 0.999680 200 0.20953 0.893 0.263181 11.031
-42.85 0.000000 2.845 0.999602 50 0.000000 11.38 0.999602 200 0.212533 0.891 0.260358 11.11
-42.7 0.000000 2.853 0.999513 50 0.000000 11.412 0.999513 200 0.215537 0.888 0.257547 11.189
-42.55 0.000000 2.861 0.999412 50 0.000000 11.444 0.999412 200 0.218542 0.885 0.254748 11.269
-42.4 0.000000 2.869 0.999297 50 0.000000 11.476 0.999297 200 0.221548 0.882 0.25196 11.348
-42.25 0.000000 2.877 0.999168 50 0.000000 11.508 0.999168 200 0.224554 0.879 0.249183 11.427
-42.1 0.000000 2.885 0.999024 50 0.000000 11.54 0.999024 200 0.22756 0.876 0.246418 11.505
-41.95 0.000000 2.893 0.998865 50 0.000000 11.572 0.998865 200 0.230569 0.873 0.243664 11.584
-41.8 0.000000 2.901 0.998689 50 0.000000 11.604 0.998689 200 0.233579 0.87 0.240922 11.662
-41.65 0.000000 2.909 0.998496 50 0.000000 11.636 0.998496 200 0.236593 0.867 0.238192 11.739
-41.5 0.000000 2.917 0.998285 50 0.000000 11.668 0.998285 200 0.239611 0.864 0.235475 11.816
-41.35 0.000000 2.926 0.998055 50 0.000000 11.704 0.998055 200 0.242635 0.86 0.232769 11.891
-41.2 0.000000 2.934 0.997805 50 0.000000 11.736 0.997805 200 0.245666 0.857 0.230077 11.967
-41.05 0.000000 2.942 0.997535 50 0.000000 11.768 0.997535 200 0.248706 0.854 0.227398 12.041
-40.9 0.000000 2.95 0.997243 50 0.000000 11.8 0.997243 200 0.251757 0.851 0.224732 12.113
-40.75 0.000000 2.958 0.996929 50 0.000000 11.832 0.996929 200 0.254822 0.848 0.222081 12.185
-40.6 0.000000 2.965 0.996593 50 0.000000 11.86 0.996593 200 0.257901 0.845 0.219445 12.255
-40.45 0.000000 2.973 0.996232 50 0.000000 11.892 0.996232 200 0.260999 0.842 0.216825 12.324
-40.3 0.000000 2.981 0.995847 50 0.000000 11.924 0.995847 200 0.264118 0.84 0.21422 12.391
-40.15 0.000000 2.989 0.995437 50 0.000000 11.956 0.995437 200 0.26726 0.837 0.211633 12.457
-40 0.000000 2.997 0.995000 50 0.000000 11.988 0.995000 200 0.270429 0.834 0.209064 12.52
-39.85 0.000001 3.005 0.994537 50 0.000001 12.02 0.994537 200 0.273626 0.832 0.206512 12.582
-39.7 0.000006 3.013 0.994047 50 0.000006 12.052 0.994047 200 0.276853 0.83 0.203976 12.641
-39.55 0.000021 3.02 0.993532 50 0.000021 12.08 0.993532 200 0.28011 0.828 0.201457 12.697
-39.4 0.000050 3.028 0.992993 50 0.000050 12.112 0.992993 200 0.283399 0.826 0.198952 12.751
-39.25 0.000098 3.035 0.992429 50 0.000098 12.14 0.992429 200 0.28672 0.824 0.196461 12.802
-39.1 0.000170 3.043 0.991843 50 0.000170 12.172 0.991843 200 0.290075 0.822 0.193984 12.849
-38.95 0.000270 3.05 0.991235 50 0.000270 12.2 0.991235 200 0.293462 0.82 0.19152 12.893
-38.8 0.000404 3.057 0.990605 50 0.000404 12.228 0.990605 200 0.296884 0.819 0.189068 12.933
-38.65 0.000577 3.065 0.989955 50 0.000577 12.26 0.989955 200 0.300341 0.817 0.186629 12.969
-38.5 0.000793 3.072 0.989285 50 0.000793 12.288 0.989285 200 0.303833 0.816 0.184201 13.001
-38.35 0.001058 3.078 0.988596 50 0.001058 12.312 0.988596 200 0.30736 0.814 0.181786 13.029
-38.2 0.001377 3.085 0.987889 50 0.001377 12.34 0.987889 200 0.310922 0.813 0.179382 13.052
-38.05 0.001754 3.092 0.987165 50 0.001754 12.368 0.987165 200 0.31452 0.812 0.17699 13.07
-37.9 0.002196 3.098 0.986424 50 0.002196 12.392 0.986424 200 0.318154 0.81 0.174611 13.082
-37.75 0.002706 3.104 0.985668 50 0.002706 12.416 0.985668 200 0.321823 0.809 0.172243 13.09
-37.6 0.003291 3.11 0.984897 50 0.003291 12.44 0.984897 200 0.325528 0.808 0.169888 13.092
-37.45 0.003954 3.116 0.984112 50 0.003954 12.464 0.984112 200 0.329268 0.807 0.167546 13.089
-37.3 0.004703 3.122 0.983313 50 0.004703 12.488 0.983313 200 0.333043 0.805 0.165218 13.079
-37.15 0.005540 3.127 0.982502 50 0.005540 12.508 0.982502 200 0.336852 0.804 0.162904 13.064
-37 0.006472 3.132 0.981680 50 0.006472 12.528 0.981680 200 0.340695 0.803 0.160604 13.043
-36.85 0.007504 3.137 0.980847 50 0.007504 12.548 0.980847 200 0.344571 0.802 0.15832 13.015
-36.7 0.008641 3.142 0.980003 50 0.008641 12.568 0.980003 200 0.348479 0.801 0.156052 12.982
-36.55 0.009887 3.146 0.979151 50 0.009887 12.584 0.979151 200 0.352419 0.799 0.153802 12.942
-36.4 0.011248 3.15 0.978290 50 0.011248 12.6 0.978290 200 0.356389 0.798 0.151569 12.895
-36.25 0.012729 3.154 0.977422 50 0.012729 12.616 0.977422 200 0.360389 0.797 0.149356 12.842
-36.1 0.014334 3.157 0.976547 50 0.014334 12.628 0.976547 200 0.364416 0.796 0.147162 12.783
-35.95 0.016068 3.16 0.975666 50 0.016068 12.64 0.975666 200 0.368471 0.794 0.14499 12.718
-35.8 0.017936 3.163 0.974780 50 0.017936 12.652 0.974780 200 0.37255 0.793 0.142839 12.646
-35.65 0.019943 3.166 0.973889 50 0.019943 12.664 0.973889 200 0.376654 0.792 0.140712 12.568
-35.5 0.022093 3.168 0.972995 50 0.022093 12.672 0.972995 200 0.380779 0.79 0.138609 12.484
-35.35 0.024390 3.17 0.972098 50 0.024390 12.68 0.972098 200 0.384925 0.789 0.136531 12.394
-35.2 0.026839 3.171 0.971200 50 0.026839 12.684 0.971200 200 0.389089 0.787 0.13448 12.297
-35.05 0.029444 3.172 0.970300 50 0.029444 12.688 0.970300 200 0.39327 0.786 0.132455 12.196
-34.9 0.032209 3.173 0.969400 50 0.032209 12.692 0.969400 200 0.397464 0.784 0.13046 12.088
-34.75 0.035129 3.173 0.968499 50 0.035129 12.692 0.968499 200 0.401672 0.782 0.128495 11.976
-34.6 0.038199 3.173 0.967597 50 0.038199 12.692 0.967597 200 0.405889 0.78 0.126562 11.859
-34.45 0.041409 3.172 0.966693 50 0.041409 12.688 0.966693 200 0.410114 0.778 0.124662 11.739
-34.3 0.044752 3.171 0.965786 50 0.044752 12.684 0.965786 200 0.414346 0.777 0.122797 11.615
-34.15 0.048220 3.17 0.964875 50 0.048220 12.68 0.964875 200 0.418583 0.775 0.120967 11.487
-34 0.051806 3.169 0.963960 50 0.051806 12.676 0.963960 200 0.422823 0.773 0.119174 11.358
-33.85 0.055501 3.167 0.963039 50 0.055501 12.668 0.963039 200 0.427064 0.771 0.117417 11.225
-33.7 0.059298 3.164 0.962112 50 0.059298 12.656 0.962112 200 0.431306 0.769 0.115696 11.092
-33.55 0.063188 3.162 0.961178 50 0.063188 12.648 0.961178 200 0.435547 0.767 0.114012 10.956
-33.4 0.067164 3.159 0.960236 50 0.067164 12.636 0.960236 200 0.439786 0.764 0.112364 10.82
-33.25 0.071218 3.156 0.959286 50 0.071218 12.624 0.959286 200 0.444022 0.762 0.110753 10.683
-33.1 0.075342 3.153 0.958326 50 0.075342 12.612 0.958326 200 0.448254 0.76 0.109177 10.545
-32.95 0.079528 3.149 0.957355 50 0.079528 12.596 0.957355 200 0.452481 0.758 0.107635 10.407
-32.8 0.083769 3.145 0.956374 50 0.083769 12.58 0.956374 200 0.456702 0.756 0.106128 10.27
-32.65 0.088056 3.141 0.955381 50 0.088056 12.564 0.955381 200 0.460916 0.754 0.104654 10.133
-32.5 0.092382 3.136 0.954375 50 0.092382 12.544 0.954375 200 0.465124 0.752 0.103213 9.996
-32.35 0.096740 3.132 0.953356 50 0.096740 12.528 0.953356 200 0.469324 0.75 0.101803 9.86
-32.2 0.101122 3.127 0.952322 50 0.101122 12.508 0.952322 200 0.473517 0.748 0.100423 9.725
-32.05 0.105520 3.122 0.951273 50 0.105520 12.488 0.951273 200 0.477701 0.746 0.099072 9.592
-31.9 0.109928 3.117 0.950208 50 0.109928 12.468 0.950208 200 0.481877 0.744 0.09775 9.46
-31.75 0.114338 3.111 0.949127 50 0.114338 12.444 0.949127 200 0.486045 0.742 0.096454 9.329
-31.6 0.118742 3.106 0.948028 50 0.118742 12.424 0.948028 200 0.490204 0.74 0.095184 9.2
-31.45 0.123135 3.1 0.946910 50 0.123135 12.4 0.946910 200 0.494355 0.738 0.093938 9.072
-31.3 0.127509 3.094 0.945774 50 0.127509 12.376 0.945774 200 0.498498 0.736 0.092715 8.947
-31.15 0.131856 3.088 0.944617 50 0.131856 12.352 0.944617 200 0.502633 0.734 0.091514 8.823
-31 0.136171 3.082 0.943440 50 0.136171 12.328 0.943440 200 0.50676 0.732 0.090334 8.701
-30.85 0.140447 3.075 0.942241 50 0.140447 12.3 0.942241 200 0.51088 0.731 0.089173 8.582
-30.7 0.144677 3.069 0.941020 50 0.144677 12.276 0.941020 200 0.514994 0.729 0.08803 8.464
-30.55 0.148855 3.062 0.939775 50 0.148855 12.248 0.939775 200 0.519101 0.727 0.086903 8.348
-30.4 0.152975 3.056 0.938507 50 0.152975 12.224 0.938507 200 0.523202 0.726 0.085792 8.235
-30.25 0.157030 3.049 0.937213 50 0.157030 12.196 0.937213 200 0.527298 0.724 0.084696 8.124
-30.1 0.161015 3.042 0.935894 50 0.161015 12.168 0.935894 200 0.531391 0.723 0.083612 8.015
-29.95 0.164923 3.035 0.934548 50 0.164923 12.14 0.934548 200 0.53548 0.721 0.082541 7.909
-29.8 0.168752 3.028 0.933176 50 0.168752 12.112 0.933176 200 0.539566 0.72 0.081481 7.804
-29.65 0.172506 3.021 0.931774 50 0.172506 12.084 0.931774 200 0.543651 0.719 0.080433 7.702
-29.5 0.176189 3.014 0.930343 50 0.176189 12.056 0.930343 200 0.547734 0.718 0.079397 7.602
-29.35 0.179803 3.007 0.928882 50 0.179803 12.028 0.928882 200 0.551817 0.716 0.078373 7.503
-29.2 0.183352 3 0.927389 50 0.183352 12 0.927389 200 0.555899 0.715 0.077361 7.407
-29.05 0.186841 2.993 0.925863 50 0.186841 11.972 0.925863 200 0.55998 0.714 0.076361 7.313
-28.9 0.190272 2.986 0.924303 50 0.190272 11.944 0.924303 200 0.564062 0.713 0.075373 7.221
-28.75 0.193650 2.979 0.922708 50 0.193650 11.916 0.922708 200 0.568145 0.712 0.074396 7.131
-28.6 0.196978 2.972 0.921078 50 0.196978 11.888 0.921078 200 0.572227 0.711 0.073431 7.042
-28.45 0.200259 2.964 0.919410 50 0.200259 11.856 0.919410 200 0.57631 0.71 0.072478 6.955
-28.3 0.203498 2.957 0.917704 50 0.203498 11.828 0.917704 200 0.580393 0.709 0.071536 6.871
-28.15 0.206697 2.95 0.915959 50 0.206697 11.8 0.915959 200 0.584476 0.708 0.070606 6.787
-28 0.209861 2.942 0.914173 50 0.209861 11.768 0.914173 200 0.588558 0.707 0.069687 6.706
-27.85 0.212992 2.935 0.912346 50 0.212992 11.74 0.912346 200 0.59264 0.706 0.068779 6.626
-27.7 0.216094 2.928 0.910477 50 0.216094 11.712 0.910477 200 0.596721 0.705 0.067883 6.548
-27.55 0.219171 2.92 0.908564 50 0.219171 11.68 0.908564 200 0.6008 0.704 0.066997 6.472
-27.4 0.222226 2.913 0.906607 50 0.222226 11.652 0.906607 200 0.604877 0.704 0.066122 6.397
-27.25 0.225263 2.906 0.904603 50 0.225263 11.624 0.904603 200 0.60895 0.703 0.065259 6.323
-27.1 0.228285 2.898 0.902553 50 0.228285 11.592 0.902553 200 0.613021 0.702 0.064405 6.251
-26.95 0.231295 2.891 0.900455 50 0.231295 11.564 0.900455 200 0.617086 0.701 0.063563 6.181
-26.8 0.234297 2.884 0.898308 50 0.234297 11.536 0.898308 200 0.621146 0.7 0.06273 6.112
-26.65 0.237293 2.876 0.896111 50 0.237293 11.504 0.896111 200 0.6252 0.699 0.061908 6.044
-26.5 0.240289 2.869 0.893863 50 0.240289 11.476 0.893863 200 0.629246 0.698 0.061097 5.978
-26.35 0.243285 2.862 0.891563 50 0.243285 11.448 0.891563 200 0.633283 0.697 0.060295 5.913
-26.2 0.246287 2.854 0.889209 50 0.246287 11.416 0.889209 200 0.637311 0.696 0.059503 5.849
-26.05 0.249297 2.847 0.886802 50 0.249297 11.388 0.886802 200 0.641327 0.695 0.058721 5.787
-25.9 0.252318 2.84 0.884338 50 0.252318 11.36 0.884338 200 0.645331 0.693 0.057948 5.725
-25.75 0.255354 2.833 0.881818 50 0.255354 11.332 0.881818 200 0.64932 0.692 0.057185 5.665
-25.6 0.258408 2.826 0.879241 50 0.258408 11.304 0.879241 200 0.653295 0.691 0.056431 5.607
-25.45 0.261482 2.818 0.876605 50 0.261482 11.272 0.876605 200 0.657252 0.69 0.055686 5.549
-25.3 0.264581 2.811 0.873909 50 0.264581 11.244 0.873909 200 0.66119 0.688 0.054951 5.493
-25.15 0.267706 2.804 0.871152 50 0.267706 11.216 0.871152 200 0.665109 0.687 0.054224 5.437
-25 0.270862 2.797 0.868333 50 0.270862 11.188 0.868333 200 0.669005 0.686 0.053507 5.383
-24.85 0.274051 2.79 0.865452 50 0.274051 11.16 0.865452 200 0.672878 0.684 0.052797 5.33
-24.7 0.277270 2.783 0.862509 50 0.277270 11.132 0.862509 200 0.676727 0.683 0.052097 5.278
-24.55 0.280519 2.776 0.859507 50 0.280519 11.104 0.859507 200 0.68055 0.681 0.051404 5.227
-24.4 0.283794 2.769 0.856447 50 0.283794 11.076 0.856447 200 0.684348 0.68 0.05072 5.177
-24.25 0.287093 2.763 0.853330 50 0.287093 11.052 0.853330 200 0.688119 0.678 0.050044 5.127
-24.1 0.290414 2.756 0.850158 50 0.290414 11.024 0.850158 200 0.691863 0.676 0.049375 5.079
-23.95 0.293755 2.749 0.846932 50 0.293755 10.996 0.846932 200 0.695578 0.675 0.048714 5.031
-23.8 0.297114 2.742 0.843656 50 0.297114 10.968 0.843656 200 0.699265 0.673 0.048061 4.984
-23.65 0.300488 2.735 0.840329 50 0.300488 10.94 0.840329 200 0.702923 0.671 0.047416 4.938
-23.5 0.303875 2.728 0.836953 50 0.303875 10.912 0.836953 200 0.706551 0.669 0.046777 4.893
-23.35 0.307274 2.722 0.833531 50 0.307274 10.888 0.833531 200 0.710149 0.667 0.046147 4.849
-23.2 0.310681 2.715 0.830064 50 0.310681 10.86 0.830064 200 0.713717 0.665 0.045523 4.805
-23.05 0.314094 2.708 0.826553 50 0.314094 10.832 0.826553 200 0.717254 0.664 0.044906 4.762
-22.9 0.317513 2.701 0.823000 50 0.317513 10.804 0.823000 200 0.72076 0.662 0.044297 4.719
-22.75 0.320933 2.695 0.819407 50 0.320933 10.78 0.819407 200 0.724234 0.66 0.043695 4.677
-22.6 0.324354 2.688 0.815775 50 0.324354 10.752 0.815775 200 0.727678 0.658 0.043099 4.636
-22.45 0.327772 2.681 0.812106 50 0.327772 10.724 0.812106 200 0.731089 0.656 0.042511 4.595
-22.3 0.331186 2.674 0.808402 50 0.331186 10.696 0.808402 200 0.734469 0.654 0.041929 4.555
-22.15 0.334594 2.667 0.804664 50 0.334594 10.668 0.804664 200 0.737818 0.652 0.041355 4.515
-22 0.337993 2.66 0.800893 50 0.337993 10.64 0.800893 200 0.741135 0.65 0.040787 4.476
-21.85 0.341381 2.654 0.797092 50 0.341381 10.616 0.797092 200 0.74442 0.648 0.040225 4.438
-21.7 0.344757 2.647 0.793262 50 0.344757 10.588 0.793262 200 0.747674 0.646 0.039671 4.4
-21.55 0.348118 2.64 0.789405 50 0.348118 10.56 0.789405 200 0.750896 0.644 0.039123 4.362
-21.4 0.351462 2.633 0.785522 50 0.351462 10.532 0.785522 200 0.754087 0.642 0.038582 4.325
-21.25 0.354786 2.626 0.781615 50 0.354786 10.504 0.781615 200 0.757247 0.64 0.038047 4.288
-21.1 0.358090 2.619 0.777685 50 0.358090 10.476 0.777685 200 0.760377 0.638 0.037519 4.252
-20.95 0.361370 2.612 0.773734 50 0.361370 10.448 0.773734 200 0.763475 0.636 0.036998 4.216
-20.8 0.364624 2.605 0.769764 50 0.364624 10.42 0.769764 200 0.766544 0.634 0.036483 4.181
-20.65 0.367851 2.598 0.765777 50 0.367851 10.392 0.765777 200 0.769583 0.632 0.035975 4.146
-20.5 0.371049 2.591 0.761773 50 0.371049 10.364 0.761773 200 0.772592 0.63 0.035473 4.111
-20.35 0.374216 2.583 0.757755 50 0.374216 10.332 0.757755 200 0.775572 0.628 0.034978 4.077
-20.2 0.377348 2.576 0.753725 50 0.377348 10.304 0.753725 200 0.778523 0.626 0.03449 4.043
-20.05 0.380446 2.569 0.749683 50 0.380446 10.276 0.749683 200 0.781445 0.624 0.034008 4.009
-19.9 0.383506 2.562 0.745631 50 0.383506 10.248 0.745631 200 0.78434 0.622 0.033532 3.976
-19.75 0.386529 2.554 0.741570 50 0.386529 10.216 0.741570 200 0.787207 0.62 0.033063 3.943
-19.6 0.389518 2.547 0.737499 50 0.389518 10.188 0.737499 200 0.790045 0.618 0.0326 3.911
-19.45 0.392474 2.539 0.733416 50 0.392474 10.156 0.733416 200 0.792856 0.616 0.032144 3.879
-19.3 0.395400 2.532 0.729322 50 0.395400 10.128 0.729322 200 0.795639 0.614 0.031694 3.847
-19.15 0.398298 2.524 0.725214 50 0.398298 10.096 0.725214 200 0.798395 0.612 0.03125 3.816
-19 0.401170 2.517 0.721093 50 0.401170 10.068 0.721093 200 0.801122 0.61 0.030813 3.785
-18.85 0.404017 2.509 0.716958 50 0.404017 10.036 0.716958 200 0.803823 0.609 0.030382 3.754
-18.7 0.406842 2.502 0.712807 50 0.406842 10.008 0.712807 200 0.806495 0.607 0.029956 3.724
-18.55 0.409648 2.494 0.708641 50 0.409648 9.976 0.708641 200 0.809141 0.605 0.029537 3.694
-18.4 0.412434 2.486 0.704457 50 0.412434 9.944 0.704457 200 0.811759 0.603 0.029123 3.664
-18.25 0.415205 2.478 0.700256 50 0.415205 9.912 0.700256 200 0.81435 0.601 0.028716 3.635
-18.1 0.417961 2.47 0.696037 50 0.417961 9.88 0.696037 200 0.816913 0.6 0.028314 3.606
-17.95 0.420705 2.462 0.691798 50 0.420705 9.848 0.691798 200 0.81945 0.598 0.027918 3.578
-17.8 0.423437 2.454 0.687539 50 0.423437 9.816 0.687539 200 0.82196 0.596 0.027527 3.549
-17.65 0.426161 2.446 0.683260 50 0.426161 9.784 0.683260 200 0.824442 0.594 0.027142 3.522
-17.5 0.428878 2.438 0.678958 50 0.428878 9.752 0.678958 200 0.826898 0.593 0.026763 3.494
-17.35 0.431589 2.43 0.674634 50 0.431589 9.72 0.674634 200 0.829328 0.591 0.026388 3.467
-17.2 0.434296 2.422 0.670287 50 0.434296 9.688 0.670287 200 0.83173 0.589 0.02602 3.44
-17.05 0.437002 2.414 0.665916 50 0.437002 9.656 0.665916 200 0.834106 0.588 0.025656 3.414
-16.9 0.439707 2.405 0.661520 50 0.439707 9.62 0.661520 200 0.836456 0.586 0.025297 3.388
-16.75 0.442413 2.397 0.657098 50 0.442413 9.588 0.657098 200 0.838779 0.584 0.024944 3.363
-16.6 0.445122 2.389 0.652649 50 0.445122 9.556 0.652649 200 0.841076 0.583 0.024596 3.337
-16.45 0.447836 2.38 0.648173 50 0.447836 9.52 0.648173 200 0.843347 0.581 0.024252 3.312
-16.3 0.450555 2.372 0.643669 50 0.450555 9.488 0.643669 200 0.845592 0.579 0.023914 3.288
-16.15 0.453282 2.363 0.639136 50 0.453282 9.452 0.639136 200 0.847811 0.578 0.02358 3.264
-16 0.456018 2.355 0.634573 50 0.456018 9.42 0.634573 200 0.850003 0.576 0.02325 3.24
-15.85 0.458765 2.346 0.629980 50 0.458765 9.384 0.629980 200 0.85217 0.575 0.022926 3.216
-15.7 0.461523 2.337 0.625355 50 0.461523 9.348 0.625355 200 0.854312 0.573 0.022606 3.193
-15.55 0.464294 2.329 0.620698 50 0.464294 9.316 0.620698 200 0.856427 0.572 0.02229 3.17
-15.4 0.467080 2.32 0.616008 50 0.467080 9.28 0.616008 200 0.858517 0.57 0.021979 3.147
-15.25 0.469882 2.311 0.611284 50 0.469882 9.244 0.611284 200 0.860581 0.569 0.021672 3.125
-15.1 0.472701 2.302 0.606525 50 0.472701 9.208 0.606525 200 0.86262 0.567 0.021369 3.103
-14.95 0.475538 2.293 0.601731 50 0.475538 9.172 0.601731 200 0.864634 0.566 0.02107 3.082
-14.8 0.478394 2.284 0.596902 50 0.478394 9.136 0.596902 200 0.866623 0.564 0.020776 3.06
-14.65 0.481267 2.275 0.592041 50 0.481267 9.1 0.592041 200 0.868588 0.563 0.020485 3.039
-14.5 0.484155 2.266 0.587149 50 0.484155 9.064 0.587149 200 0.870529 0.561 0.020199 3.019
-14.35 0.487056 2.257 0.582230 50 0.487056 9.028 0.582230 200 0.872446 0.56 0.019916 2.998
-14.2 0.489968 2.248 0.577286 50 0.489968 8.992 0.577286 200 0.87434 0.559 0.019637 2.978
-14.05 0.492891 2.239 0.572320 50 0.492891 8.956 0.572320 200 0.876212 0.557 0.019362 2.959
-13.9 0.495822 2.23 0.567334 50 0.495822 8.92 0.567334 200 0.878061 0.556 0.019091 2.939
-13.75 0.498760 2.221 0.562331 50 0.498760 8.884 0.562331 200 0.879889 0.554 0.018823 2.92
-13.6 0.501704 2.212 0.557313 50 0.501704 8.848 0.557313 200 0.881694 0.553 0.018559 2.901
-13.45 0.504652 2.203 0.552283 50 0.504652 8.812 0.552283 200 0.883478 0.551 0.018298 2.882
-13.3 0.507603 2.194 0.547244 50 0.507603 8.776 0.547244 200 0.885241 0.55 0.018041 2.864
-13.15 0.510556 2.185 0.542197 50 0.510556 8.74 0.542197 200 0.886983 0.549 0.017788 2.846
-13 0.513509 2.176 0.537147 50 0.513509 8.704 0.537147 200 0.888705 0.547 0.017538 2.828
-12.85 0.516462 2.167 0.532094 50 0.516462 8.668 0.532094 200 0.890406 0.546 0.017291 2.81
-12.7 0.519413 2.158 0.527042 50 0.519413 8.632 0.527042 200 0.892086 0.544 0.017048 2.793
-12.55 0.522361 2.149 0.521994 50 0.522361 8.596 0.521994 200 0.893747 0.543 0.016808 2.775
-12.4 0.525306 2.141 0.516952 50 0.525306 8.564 0.516952 200 0.895387 0.541 0.016571 2.758
-12.25 0.528246 2.132 0.511918 50 0.528246 8.528 0.511918 200 0.897008 0.54 0.016337 2.742
-12.1 0.531180 2.124 0.506895 50 0.531180 8.496 0.506895 200 0.898609 0.538 0.016107 2.725
-11.95 0.534108 2.115 0.501885 50 0.534108 8.46 0.501885 200 0.90019 0.537 0.015879 2.709
-11.8 0.537029 2.107 0.496892 50 0.537029 8.428 0.496892 200 0.901751 0.535 0.015655 2.693
-11.65 0.539942 2.099 0.491917 50 0.539942 8.396 0.491917 200 0.903293 0.534 0.015434 2.677
-11.5 0.542846 2.091 0.486964 50 0.542846 8.364 0.486964 200 0.904816 0.532 0.015216 2.661
-11.35 0.545741 2.083 0.482035 50 0.545741 8.332 0.482035 200 0.906319 0.53 0.015 2.646
-11.2 0.548627 2.075 0.477132 50 0.548627 8.3 0.477132 200 0.907803 0.529 0.014788 2.63
-11.05 0.551502 2.067 0.472258 50 0.551502 8.268 0.472258 200 0.909268 0.527 0.014579 2.615
-10.9 0.554366 2.059 0.467415 50 0.554366 8.236 0.467415 200 0.910713 0.526 0.014372 2.6
-10.75 0.557218 2.052 0.462607 50 0.557218 8.208 0.462607 200 0.912139 0.524 0.014169 2.586
-10.6 0.560059 2.044 0.457835 50 0.560059 8.176 0.457835 200 0.913546 0.522 0.013968 2.571
-10.45 0.562887 2.037 0.453103 50 0.562887 8.148 0.453103 200 0.914934 0.52 0.01377 2.557
-10.3 0.565703 2.03 0.448412 50 0.565703 8.12 0.448412 200 0.916302 0.519 0.013575 2.543
-10.15 0.568505 2.023 0.443766 50 0.568505 8.092 0.443766 200 0.917651 0.517 0.013382 2.529
-10 0.571294 2.016 0.439167 50 0.571294 8.064 0.439167 200 0.91898 0.515 0.013192 2.515
-9.85 0.574070 2.009 0.434616 50 0.574070 8.036 0.434616 200 0.92029 0.513 0.013005 2.501
-9.7 0.576833 2.002 0.430115 50 0.576833 8.008 0.430115 200 0.921581 0.511 0.012821 2.488
-9.55 0.579583 1.996 0.425663 50 0.579583 7.984 0.425663 200 0.922853 0.509 0.012638 2.474
-9.4 0.582322 1.99 0.421258 50 0.582322 7.96 0.421258 200 0.924105 0.507 0.012459 2.461
-9.25 0.585050 1.983 0.416902 50 0.585050 7.932 0.416902 200 0.925337 0.506 0.012282 2.448
-9.1 0.587767 1.977 0.412593 50 0.587767 7.908 0.412593 200 0.926551 0.504 0.012107 2.435
-8.95 0.590474 1.971 0.408331 50 0.590474 7.884 0.408331 200 0.927745 0.502 0.011934 2.422
-8.8 0.593172 1.965 0.404116 50 0.593172 7.86 0.404116 200 0.92892 0.5 0.011764 2.41
-8.65 0.595861 1.959 0.399947 50 0.595861 7.836 0.399947 200 0.930076 0.498 0.011596 2.397
-8.5 0.598541 1.953 0.395824 50 0.598541 7.812 0.395824 200 0.931213 0.496 0.01143 2.384
-8.35 0.601213 1.947 0.391747 50 0.601213 7.788 0.391747 200 0.932332 0.494 0.011267 2.372
-8.2 0.603876 1.942 0.387714 50 0.603876 7.768 0.387714 200 0.933432 0.492 0.011105 2.36
-8.05 0.606532 1.936 0.383726 50 0.606532 7.744 0.383726 200 0.934514 0.49 0.010946 2.347
-7.9 0.609179 1.93 0.379782 50 0.609179 7.72 0.379782 200 0.935578 0.488 0.010789 2.335
-7.75 0.611820 1.925 0.375883 50 0.611820 7.7 0.375883 200 0.936624 0.486 0.010634 2.323
-7.6 0.614453 1.919 0.372026 50 0.614453 7.676 0.372026 200 0.937653 0.484 0.01048 2.311
-7.45 0.617079 1.913 0.368213 50 0.617079 7.652 0.368213 200 0.938664 0.482 0.010329 2.299
-7.3 0.619697 1.908 0.364442 50 0.619697 7.632 0.364442 200 0.939658 0.48 0.01018 2.287
-7.15 0.622308 1.902 0.360713 50 0.622308 7.608 0.360713 200 0.940635 0.478 0.010032 2.275
-7 0.624913 1.897 0.357027 50 0.624913 7.588 0.357027 200 0.941596 0.476 0.009887 2.263
-6.85 0.627510 1.891 0.353381 50 0.627510 7.564 0.353381 200 0.942541 0.474 0.009744 2.251
-6.7 0.630099 1.885 0.349777 50 0.630099 7.54 0.349777 200 0.943469 0.472 0.009602 2.239
-6.55 0.632682 1.88 0.346213 50 0.632682 7.52 0.346213 200 0.944382 0.47 0.009462 2.227
-6.4 0.635256 1.874 0.342690 50 0.635256 7.496 0.342690 200 0.94528 0.468 0.009324 2.215
-6.25 0.637823 1.868 0.339206 50 0.637823 7.472 0.339206 200 0.946163 0.466 0.009188 2.203
-6.1 0.640383 1.863 0.335761 50 0.640383 7.452 0.335761 200 0.947031 0.464 0.009054 2.191
-5.95 0.642934 1.857 0.332356 50 0.642934 7.428 0.332356 200 0.947885 0.463 0.008922 2.179
-5.8 0.645476 1.851 0.328989 50 0.645476 7.404 0.328989 200 0.948725 0.461 0.008791 2.168
-5.65 0.648011 1.845 0.325660 50 0.648011 7.38 0.325660 200 0.949551 0.459 0.008662 2.156
-5.5 0.650536 1.839 0.322369 50 0.650536 7.356 0.322369 200 0.950364 0.457 0.008536 2.144
-5.35 0.653052 1.833 0.319116 50 0.653052 7.332 0.319116 200 0.951164 0.455 0.00841 2.132
-5.2 0.655558 1.827 0.315899 50 0.655558 7.308 0.315899 200 0.951951 0.454 0.008287 2.12
-5.05 0.658054 1.821 0.312719 50 0.658054 7.284 0.312719 200 0.952726 0.452 0.008165 2.108
-4.9 0.660540 1.815 0.309575 50 0.660540 7.26 0.309575 200 0.953489 0.45 0.008046 2.096
-4.75 0.663017 1.809 0.306467 50 0.663017 7.236 0.306467 200 0.954241 0.449 0.007927 2.084
-4.6 0.665488 1.803 0.303395 50 0.665488 7.212 0.303395 200 0.954981 0.447 0.007811 2.072
-4.45 0.667953 1.796 0.300359 50 0.667953 7.184 0.300359 200 0.95571 0.445 0.007697 2.061
-4.3 0.670415 1.79 0.297359 50 0.670415 7.16 0.297359 200 0.956428 0.444 0.007584 2.049
-4.15 0.672877 1.783 0.294395 50 0.672877 7.132 0.294395 200 0.957135 0.442 0.007473 2.037
-4 0.675340 1.777 0.291467 50 0.675340 7.108 0.291467 200 0.957832 0.441 0.007363 2.025
-3.85 0.677806 1.77 0.288575 50 0.677806 7.08 0.288575 200 0.958519 0.439 0.007256 2.014
-3.7 0.680276 1.763 0.285719 50 0.680276 7.052 0.285719 200 0.959195 0.437 0.00715 2.002
-3.55 0.682754 1.756 0.282899 50 0.682754 7.024 0.282899 200 0.959862 0.436 0.007046 1.99
-3.4 0.685239 1.749 0.280115 50 0.685239 6.996 0.280115 200 0.960519 0.434 0.006943 1.979
-3.25 0.687735 1.742 0.277367 50 0.687735 6.968 0.277367 200 0.961167 0.433 0.006843 1.968
-3.1 0.690242 1.735 0.274655 50 0.690242 6.94 0.274655 200 0.961805 0.431 0.006743 1.956
-2.95 0.692763 1.728 0.271979 50 0.692763 6.912 0.271979 200 0.962434 0.43 0.006646 1.945
-2.8 0.695298 1.721 0.269339 50 0.695298 6.884 0.269339 200 0.963054 0.428 0.00655 1.934
-2.65 0.697850 1.713 0.266735 50 0.697850 6.852 0.266735 200 0.963665 0.427 0.006455 1.923
-2.5 0.700419 1.706 0.264167 50 0.700419 6.824 0.264167 200 0.964267 0.426 0.006363 1.913
-2.35 0.703006 1.698 0.261635 50 0.703006 6.792 0.261635 200 0.964861 0.424 0.006271 1.902
-2.2 0.705614 1.69 0.259139 50 0.705614 6.76 0.259139 200 0.965446 0.423 0.006181 1.891
-2.05 0.708244 1.682 0.256679 50 0.708244 6.728 0.256679 200 0.966022 0.421 0.006093 1.881
-1.9 0.710896 1.675 0.254255 50 0.710896 6.7 0.254255 200 0.96659 0.42 0.006006 1.871
-1.75 0.713571 1.667 0.251867 50 0.713571 6.668 0.251867 200 0.967149 0.418 0.00592 1.861
-1.6 0.716271 1.658 0.249515 50 0.716271 6.632 0.249515 200 0.967701 0.417 0.005836 1.851
-1.45 0.718997 1.65 0.247199 50 0.718997 6.6 0.247199 200 0.968244 0.415 0.005753 1.841
-1.3 0.721749 1.642 0.244919 50 0.721749 6.568 0.244919 200 0.968779 0.414 0.005672 1.831
-1.15 0.724529 1.633 0.242675 50 0.724529 6.532 0.242675 200 0.969306 0.412 0.005592 1.822
-1 0.727337 1.625 0.240467 50 0.727337 6.5 0.240467 200 0.969825 0.411 0.005512 1.813
-0.85 0.730175 1.616 0.238295 50 0.730175 6.464 0.238295 200 0.970336 0.409 0.005435 1.804
-0.7 0.733041 1.608 0.236159 50 0.733041 6.432 0.236159 200 0.970839 0.408 0.005358 1.795
-0.55 0.735938 1.599 0.234059 50 0.735938 6.396 0.234059 200 0.971334 0.406 0.005283 1.786
-0.4 0.738866 1.59 0.231995 50 0.738866 6.36 0.231995 200 0.971822 0.405 0.005208 1.778
-0.25 0.741826 1.581 0.229967 50 0.741826 6.324 0.229967 200 0.972302 0.403 0.005135 1.769
-0.1 0.744817 1.572 0.227975 50 0.744817 6.288 0.227975 200 0.972774 0.401 0.005063 1.761
0.05 0.747840 1.563 0.226019 50 0.747840 6.252 0.226019 200 0.973238 0.4 0.004992 1.753
0.2 0.750895 1.554 0.224099 50 0.750895 6.216 0.224099 200 0.973695 0.398 0.004921 1.745
0.35 0.753977 1.544 0.222214 50 0.753977 6.176 0.222214 200 0.974144 0.397 0.004852 1.738
0.5 0.757083 1.535 0.220364 50 0.757083 6.14 0.220364 200 0.974585 0.395 0.004784 1.73
0.65 0.760211 1.526 0.218549 50 0.760211 6.104 0.218549 200 0.975019 0.393 0.004717 1.723
0.8 0.763356 1.516 0.216768 50 0.763356 6.064 0.216768 200 0.975445 0.392 0.00465 1.716
0.95 0.766515 1.506 0.215022 50 0.766515 6.024 0.215022 200 0.975864 0.39 0.004585 1.709
1.1 0.769685 1.497 0.213308 50 0.769685 5.988 0.213308 200 0.976275 0.389 0.00452 1.702
1.25 0.772863 1.487 0.211628 50 0.772863 5.948 0.211628 200 0.976679 0.387 0.004456 1.695
1.4 0.776045 1.477 0.209980 50 0.776045 5.908 0.209980 200 0.977076 0.385 0.004393 1.688
1.55 0.779229 1.467 0.208364 50 0.779229 5.868 0.208364 200 0.977465 0.384 0.004331 1.682
1.7 0.782411 1.457 0.206780 50 0.782411 5.828 0.206780 200 0.977847 0.382 0.004269 1.675
1.85 0.785589 1.447 0.205228 50 0.785589 5.788 0.205228 200 0.978222 0.381 0.004208 1.669
2 0.788759 1.437 0.203707 50 0.788759 5.748 0.203707 200 0.97859 0.379 0.004148 1.662
2.15 0.791919 1.427 0.202216 50 0.791919 5.708 0.202216 200 0.978952 0.378 0.004089 1.656
2.3 0.795066 1.417 0.200755 50 0.795066 5.668 0.200755 200 0.979306 0.376 0.004031 1.65
2.45 0.798197 1.407 0.199325 50 0.798197 5.628 0.199325 200 0.979654 0.375 0.003973 1.644
2.6 0.801309 1.397 0.197923 50 0.801309 5.588 0.197923 200 0.979995 0.373 0.003916 1.638
2.75 0.804400 1.386 0.196551 50 0.804400 5.544 0.196551 200 0.98033 0.372 0.003859 1.632
2.9 0.807468 1.376 0.195207 50 0.807468 5.504 0.195207 200 0.980659 0.37 0.003804 1.626
3.05 0.810510 1.366 0.193891 50 0.810510 5.464 0.193891 200 0.980981 0.369 0.003749 1.62
3.2 0.813523 1.355 0.192603 50 0.813523 5.42 0.192603 200 0.981298 0.367 0.003695 1.614
3.35 0.816506 1.345 0.191343 50 0.816506 5.38 0.191343 200 0.981608 0.366 0.003641 1.608
3.5 0.819456 1.335 0.190109 50 0.819456 5.34 0.190109 200 0.981913 0.365 0.003588 1.602
3.65 0.822371 1.324 0.188902 50 0.822371 5.296 0.188902 200 0.982213 0.364 0.003536 1.597
3.8 0.825249 1.314 0.187721 50 0.825249 5.256 0.187721 200 0.982506 0.362 0.003484 1.591
3.95 0.828088 1.303 0.186566 50 0.828088 5.212 0.186566 200 0.982795 0.361 0.003434 1.585
4.1 0.830886 1.293 0.185436 50 0.830886 5.172 0.185436 200 0.983078 0.36 0.003383 1.579
4.25 0.833642 1.282 0.184331 50 0.833642 5.128 0.184331 200 0.983356 0.359 0.003334 1.574
4.4 0.836353 1.272 0.183251 50 0.836353 5.088 0.183251 200 0.98363 0.357 0.003285 1.568
4.55 0.839018 1.261 0.182195 50 0.839018 5.044 0.182195 200 0.983898 0.356 0.003237 1.562
4.7 0.841635 1.251 0.181162 50 0.841635 5.004 0.181162 200 0.984162 0.355 0.003189 1.556
4.85 0.844204 1.24 0.180153 50 0.844204 4.96 0.180153 200 0.984422 0.354 0.003143 1.551
5 0.846721 1.23 0.179167 50 0.846721 4.92 0.179167 200 0.984677 0.353 0.003097 1.545
5.15 0.849187 1.219 0.178203 50 0.849187 4.876 0.178203 200 0.984928 0.352 0.003051 1.539
5.3 0.851602 1.208 0.177261 50 0.851602 4.832 0.177261 200 0.985175 0.351 0.003006 1.533
5.45 0.853965 1.198 0.176341 50 0.853965 4.792 0.176341 200 0.985418 0.351 0.002962 1.527
5.6 0.856278 1.188 0.175442 50 0.856278 4.752 0.175442 200 0.985658 0.35 0.002919 1.522
5.75 0.858540 1.177 0.174563 50 0.858540 4.708 0.174563 200 0.985894 0.349 0.002876 1.516
5.9 0.860752 1.167 0.173705 50 0.860752 4.668 0.173705 200 0.986127 0.348 0.002834 1.51
6.05 0.862915 1.156 0.172867 50 0.862915 4.624 0.172867 200 0.986357 0.347 0.002792 1.504
6.2 0.865030 1.146 0.172047 50 0.865030 4.584 0.172047 200 0.986583 0.346 0.002751 1.499
6.35 0.867096 1.136 0.171247 50 0.867096 4.544 0.171247 200 0.986806 0.346 0.002711 1.493
6.5 0.869116 1.126 0.170465 50 0.869116 4.504 0.170465 200 0.987027 0.345 0.002671 1.487
6.65 0.871089 1.116 0.169701 50 0.871089 4.464 0.169701 200 0.987244 0.344 0.002632 1.481
6.8 0.873016 1.106 0.168954 50 0.873016 4.424 0.168954 200 0.987459 0.343 0.002594 1.476
6.95 0.874898 1.096 0.168225 50 0.874898 4.384 0.168225 200 0.987671 0.342 0.002556 1.47
7.1 0.876736 1.086 0.167512 50 0.876736 4.344 0.167512 200 0.98788 0.342 0.002519 1.465
7.25 0.878531 1.076 0.166815 50 0.878531 4.304 0.166815 200 0.988087 0.341 0.002482 1.459
7.4 0.880283 1.067 0.166133 50 0.880283 4.268 0.166133 200 0.988291 0.34 0.002446 1.454
7.55 0.881993 1.057 0.165467 50 0.881993 4.228 0.165467 200 0.988492 0.339 0.002411 1.448
7.7 0.883663 1.048 0.164816 50 0.883663 4.192 0.164816 200 0.988691 0.338 0.002376 1.443
7.85 0.885292 1.038 0.164178 50 0.885292 4.152 0.164178 200 0.988887 0.337 0.002342 1.437
8 0.886883 1.029 0.163555 50 0.886883 4.116 0.163555 200 0.989081 0.336 0.002308 1.432
8.15 0.888435 1.02 0.162944 50 0.888435 4.08 0.162944 200 0.989273 0.335 0.002274 1.427
8.3 0.889949 1.011 0.162347 50 0.889949 4.044 0.162347 200 0.989461 0.334 0.002242 1.422
8.45 0.891427 1.002 0.161762 50 0.891427 4.008 0.161762 200 0.989648 0.333 0.002209 1.417
8.6 0.892870 0.993 0.161189 50 0.892870 3.972 0.161189 200 0.989832 0.332 0.002178 1.412
8.75 0.894277 0.984 0.160628 50 0.894277 3.936 0.160628 200 0.990013 0.331 0.002146 1.407
8.9 0.895651 0.976 0.160077 50 0.895651 3.904 0.160077 200 0.990192 0.33 0.002116 1.402
9.05 0.896991 0.967 0.159537 50 0.896991 3.868 0.159537 200 0.990368 0.329 0.002085 1.397
9.2 0.898299 0.959 0.159007 50 0.898299 3.836 0.159007 200 0.990542 0.328 0.002055 1.392
9.35 0.899575 0.95 0.158487 50 0.899575 3.8 0.158487 200 0.990713 0.326 0.002026 1.388
9.5 0.900821 0.942 0.157976 50 0.900821 3.768 0.157976 200 0.990882 0.325 0.001997 1.383
9.65 0.902037 0.934 0.157474 50 0.902037 3.736 0.157474 200 0.991048 0.324 0.001969 1.378
9.8 0.903223 0.926 0.156980 50 0.903223 3.704 0.156980 200 0.991211 0.322 0.00194 1.374
9.95 0.904382 0.918 0.156494 50 0.904382 3.672 0.156494 200 0.991371 0.321 0.001913 1.37
10.1 0.905513 0.911 0.156015 50 0.905513 3.644 0.156015 200 0.991529 0.319 0.001885 1.365
10.25 0.906618 0.903 0.155543 50 0.906618 3.612 0.155543 200 0.991684 0.318 0.001858 1.361
10.4 0.907698 0.895 0.155079 50 0.907698 3.58 0.155079 200 0.991835 0.316 0.001832 1.357
10.55 0.908754 0.888 0.154622 50 0.908754 3.552 0.154622 200 0.991984 0.315 0.001806 1.353
10.7 0.909788 0.881 0.154171 50 0.909788 3.524 0.154171 200 0.99213 0.313 0.00178 1.349
10.85 0.910802 0.874 0.153728 50 0.910802 3.496 0.153728 200 0.992274 0.311 0.001755 1.346
11 0.911796 0.867 0.153292 50 0.911796 3.468 0.153292 200 0.992414 0.31 0.001729 1.342
11.15 0.912771 0.86 0.152863 50 0.912771 3.44 0.152863 200 0.992551 0.308 0.001705 1.338
11.3 0.913729 0.853 0.152441 50 0.913729 3.412 0.152441 200 0.992685 0.306 0.00168 1.334
11.45 0.914671 0.846 0.152026 50 0.914671 3.384 0.152026 200 0.992817 0.304 0.001656 1.331
11.6 0.915598 0.839 0.151617 50 0.915598 3.356 0.151617 200 0.992945 0.303 0.001632 1.327
11.75 0.916512 0.833 0.151216 50 0.916512 3.332 0.151216 200 0.993071 0.301 0.001609 1.324
11.9 0.917412 0.826 0.150822 50 0.917412 3.304 0.150822 200 0.993194 0.299 0.001586 1.32
12.05 0.918301 0.82 0.150434 50 0.918301 3.28 0.150434 200 0.993314 0.297 0.001563 1.317
12.2 0.919179 0.814 0.150054 50 0.919179 3.256 0.150054 200 0.993431 0.296 0.001541 1.313
12.35 0.920047 0.807 0.149680 50 0.920047 3.228 0.149680 200 0.993546 0.294 0.001518 1.31
12.5 0.920907 0.801 0.149312 50 0.920907 3.204 0.149312 200 0.993658 0.292 0.001496 1.307
12.65 0.921758 0.795 0.148952 50 0.921758 3.18 0.148952 200 0.993767 0.291 0.001475 1.304
12.8 0.922603 0.789 0.148598 50 0.922603 3.156 0.148598 200 0.993874 0.289 0.001454 1.3
12.95 0.923442 0.784 0.148252 50 0.923442 3.136 0.148252 200 0.993979 0.287 0.001433 1.297
13.1 0.924275 0.778 0.147911 50 0.924275 3.112 0.147911 200 0.994081 0.286 0.001412 1.294
13.25 0.925104 0.772 0.147578 50 0.925104 3.088 0.147578 200 0.994181 0.284 0.001391 1.291
13.4 0.925929 0.767 0.147251 50 0.925929 3.068 0.147251 200 0.994279 0.282 0.001371 1.288
13.55 0.926752 0.761 0.146930 50 0.926752 3.044 0.146930 200 0.994374 0.281 0.001351 1.285
13.7 0.927573 0.756 0.146616 50 0.927573 3.024 0.146616 200 0.994468 0.279 0.001332 1.282
13.85 0.928392 0.75 0.146309 50 0.928392 3 0.146309 200 0.994559 0.278 0.001312 1.278
14 0.929211 0.745 0.146008 50 0.929211 2.98 0.146008 200 0.994649 0.277 0.001293 1.275
14.15 0.930030 0.74 0.145714 50 0.930030 2.96 0.145714 200 0.994737 0.275 0.001274 1.272
14.3 0.930851 0.735 0.145426 50 0.930851 2.94 0.145426 200 0.994823 0.274 0.001256 1.269
14.45 0.931672 0.73 0.145144 50 0.931672 2.92 0.145144 200 0.994907 0.272 0.001237 1.266
14.6 0.932497 0.725 0.144869 50 0.932497 2.9 0.144869 200 0.99499 0.271 0.001219 1.263
14.75 0.933324 0.72 0.144600 50 0.933324 2.88 0.144600 200 0.995072 0.27 0.001202 1.26
14.9 0.934154 0.715 0.144338 50 0.934154 2.86 0.144338 200 0.995152 0.269 0.001184 1.257
15.05 0.934989 0.711 0.144082 50 0.934989 2.844 0.144082 200 0.99523 0.268 0.001167 1.254
15.2 0.935829 0.706 0.143832 50 0.935829 2.824 0.143832 200 0.995307 0.267 0.00115 1.251
15.35 0.936672 0.702 0.143589 50 0.936672 2.808 0.143589 200 0.995383 0.265 0.001133 1.248
15.5 0.937520 0.697 0.143351 50 0.937520 2.788 0.143351 200 0.995458 0.264 0.001116 1.245
15.65 0.938372 0.693 0.143120 50 0.938372 2.772 0.143120 200 0.995532 0.263 0.0011 1.242
15.8 0.939227 0.688 0.142894 50 0.939227 2.752 0.142894 200 0.995605 0.263 0.001084 1.239
15.95 0.940086 0.684 0.142675 50 0.940086 2.736 0.142675 200 0.995676 0.262 0.001068 1.236
16.1 0.940948 0.68 0.142461 50 0.940948 2.72 0.142461 200 0.995746 0.261 0.001052 1.233
16.25 0.941812 0.675 0.142253 50 0.941812 2.7 0.142253 200 0.995816 0.26 0.001037 1.23
16.4 0.942678 0.671 0.142050 50 0.942678 2.684 0.142050 200 0.995884 0.259 0.001022 1.227
16.55 0.943547 0.667 0.141853 50 0.943547 2.668 0.141853 200 0.995952 0.258 0.001007 1.224
16.7 0.944418 0.663 0.141662 50 0.944418 2.652 0.141662 200 0.996018 0.258 0.000992 1.221
16.85 0.945290 0.659 0.141475 50 0.945290 2.636 0.141475 200 0.996083 0.257 0.000978 1.218
17 0.946163 0.654 0.141295 50 0.946163 2.616 0.141295 200 0.996148 0.256 0.000963 1.215
17.15 0.947036 0.65 0.141119 50 0.947036 2.6 0.141119 200 0.996212 0.256 0.000949 1.212
17.3 0.947911 0.646 0.140949 50 0.947911 2.584 0.140949 200 0.996274 0.255 0.000935 1.209
17.45 0.948785 0.642 0.140783 50 0.948785 2.568 0.140783 200 0.996336 0.254 0.000922 1.206
17.6 0.949659 0.638 0.140623 50 0.949659 2.552 0.140623 200 0.996397 0.254 0.000908 1.203
17.75 0.950532 0.634 0.140467 50 0.950532 2.536 0.140467 200 0.996457 0.253 0.000895 1.2
17.9 0.951404 0.63 0.140317 50 0.951404 2.52 0.140317 200 0.996517 0.253 0.000882 1.197
18.05 0.952274 0.626 0.140171 50 0.952274 2.504 0.140171 200 0.996575 0.252 0.000869 1.194
18.2 0.953143 0.622 0.140029 50 0.953143 2.488 0.140029 200 0.996633 0.251 0.000856 1.191
18.35 0.954009 0.618 0.139892 50 0.954009 2.472 0.139892 200 0.99669 0.251 0.000844 1.188
18.5 0.954873 0.614 0.139760 50 0.954873 2.456 0.139760 200 0.996746 0.25 0.000831 1.185
18.65 0.955734 0.61 0.139632 50 0.955734 2.44 0.139632 200 0.996801 0.25 0.000819 1.182
18.8 0.956591 0.606 0.139509 50 0.956591 2.424 0.139509 200 0.996855 0.249 0.000807 1.179
18.95 0.957444 0.602 0.139389 50 0.957444 2.408 0.139389 200 0.996909 0.249 0.000796 1.176
19.1 0.958293 0.598 0.139274 50 0.958293 2.392 0.139274 200 0.996962 0.248 0.000784 1.173
19.25 0.959137 0.594 0.139163 50 0.959137 2.376 0.139163 200 0.997014 0.248 0.000772 1.17
19.4 0.959977 0.59 0.139056 50 0.959977 2.36 0.139056 200 0.997065 0.248 0.000761 1.167
19.55 0.960810 0.586 0.138953 50 0.960810 2.344 0.138953 200 0.997115 0.247 0.00075 1.164
19.7 0.961638 0.582 0.138854 50 0.961638 2.328 0.138854 200 0.997165 0.247 0.000739 1.161
19.85 0.962460 0.578 0.138758 50 0.962460 2.312 0.138758 200 0.997214 0.246 0.000728 1.158
20 0.963275 0.574 0.138667 50 0.963275 2.296 0.138667 200 0.997262 0.246 0.000718 1.155
20.15 0.964082 0.57 0.138578 50 0.964082 2.28 0.138578 200 0.997309 0.245 0.000707 1.152
20.3 0.964883 0.566 0.138494 50 0.964883 2.264 0.138494 200 0.997355 0.245 0.000697 1.149
20.45 0.965676 0.562 0.138412 50 0.965676 2.248 0.138412 200 0.997401 0.244 0.000687 1.146
20.6 0.966462 0.557 0.138334 50 0.966462 2.228 0.138334 200 0.997446 0.244 0.000677 1.143
20.75 0.967239 0.553 0.138259 50 0.967239 2.212 0.138259 200 0.99749 0.244 0.000667 1.14
20.9 0.968009 0.549 0.138188 50 0.968009 2.196 0.138188 200 0.997533 0.243 0.000657 1.137
21.05 0.968772 0.545 0.138119 50 0.968772 2.18 0.138119 200 0.997576 0.243 0.000647 1.134
21.2 0.969526 0.541 0.138053 50 0.969526 2.164 0.138053 200 0.997617 0.242 0.000638 1.131
21.35 0.970272 0.537 0.137989 50 0.970272 2.148 0.137989 200 0.997659 0.242 0.000629 1.128
21.5 0.971010 0.533 0.137929 50 0.971010 2.132 0.137929 200 0.997699 0.241 0.000619 1.125
21.65 0.971739 0.529 0.137871 50 0.971739 2.116 0.137871 200 0.997739 0.241 0.00061 1.122
21.8 0.972461 0.525 0.137815 50 0.972461 2.1 0.137815 200 0.997778 0.24 0.000601 1.119
21.95 0.973174 0.521 0.137761 50 0.973174 2.084 0.137761 200 0.997817 0.24 0.000593 1.116
22.1 0.973878 0.517 0.137710 50 0.973878 2.068 0.137710 200 0.997855 0.239 0.000584 1.113
22.25 0.974574 0.513 0.137661 50 0.974574 2.052 0.137661 200 0.997892 0.239 0.000575 1.11
22.4 0.975262 0.509 0.137614 50 0.975262 2.036 0.137614 200 0.997929 0.238 0.000567 1.107
22.55 0.975942 0.505 0.137568 50 0.975942 2.02 0.137568 200 0.997965 0.238 0.000559 1.104
22.7 0.976613 0.501 0.137525 50 0.976613 2.004 0.137525 200 0.998 0.237 0.00055 1.101
22.85 0.977275 0.497 0.137483 50 0.977275 1.988 0.137483 200 0.998035 0.237 0.000542 1.098
23 0.977929 0.493 0.137443 50 0.977929 1.972 0.137443 200 0.998069 0.236 0.000534 1.095
23.15 0.978575 0.489 0.137404 50 0.978575 1.956 0.137404 200 0.998103 0.236 0.000527 1.092
23.3 0.979212 0.485 0.137366 50 0.979212 1.94 0.137366 200 0.998136 0.235 0.000519 1.089
23.45 0.979841 0.481 0.137330 50 0.979841 1.924 0.137330 200 0.998169 0.235 0.000511 1.086
23.6 0.980461 0.477 0.137295 50 0.980461 1.908 0.137295 200 0.998201 0.234 0.000504 1.083
23.75 0.981073 0.473 0.137260 50 0.981073 1.892 0.137260 200 0.998233 0.234 0.000496 1.08
23.9 0.981677 0.469 0.137227 50 0.981677 1.876 0.137227 200 0.998264 0.233 0.000489 1.077
24.05 0.982272 0.466 0.137195 50 0.982272 1.864 0.137195 200 0.998294 0.232 0.000482 1.074
24.2 0.982860 0.462 0.137163 50 0.982860 1.848 0.137163 200 0.998324 0.232 0.000475 1.071
24.35 0.983439 0.458 0.137131 50 0.983439 1.832 0.137131 200 0.998353 0.231 0.000468 1.068
24.5 0.984010 0.454 0.137101 50 0.984010 1.816 0.137101 200 0.998382 0.231 0.000461 1.065
24.65 0.984573 0.451 0.137070 50 0.984573 1.804 0.137070 200 0.998411 0.23 0.000454 1.062
24.8 0.985128 0.447 0.137040 50 0.985128 1.788 0.137040 200 0.998439 0.229 0.000448 1.059
24.95 0.985675 0.443 0.137010 50 0.985675 1.772 0.137010 200 0.998467 0.229 0.000441 1.056
25.1 0.986214 0.44 0.136980 50 0.986214 1.76 0.136980 200 0.998494 0.228 0.000435 1.053
25.25 0.986745 0.436 0.136950 50 0.986745 1.744 0.136950 200 0.99852 0.227 0.000428 1.05
25.4 0.987267 0.432 0.136920 50 0.987267 1.728 0.136920 200 0.998546 0.227 0.000422 1.047
25.55 0.987781 0.429 0.136890 50 0.987781 1.716 0.136890 200 0.998572 0.226 0.000416 1.044
25.7 0.988285 0.425 0.136860 50 0.988285 1.7 0.136860 200 0.998597 0.225 0.00041 1.041
25.85 0.988780 0.422 0.136830 50 0.988780 1.688 0.136830 200 0.998622 0.225 0.000404 1.038
26 0.989264 0.419 0.136800 50 0.989264 1.676 0.136800 200 0.998646 0.224 0.000398 1.035
26.15 0.989739 0.415 0.136770 50 0.989739 1.66 0.136770 200 0.99867 0.223 0.000392 1.032
26.3 0.990204 0.412 0.136740 50 0.990204 1.648 0.136740 200 0.998694 0.222 0.000387 1.029
26.45 0.990658 0.409 0.136710 50 0.990658 1.636 0.136710 200 0.998717 0.222 0.000381 1.026
26.6 0.991101 0.406 0.136680 50 0.991101 1.624 0.136680 200 0.99874 0.221 0.000375 1.024
26.75 0.991534 0.403 0.136650 50 0.991534 1.612 0.136650 200 0.998762 0.22 0.00037 1.021
26.9 0.991955 0.4 0.136620 50 0.991955 1.6 0.136620 200 0.998784 0.219 0.000365 1.018
27.05 0.992366 0.397 0.136590 50 0.992366 1.588 0.136590 200 0.998805 0.218 0.000359 1.015
27.2 0.992765 0.394 0.136560 50 0.992765 1.576 0.136560 200 0.998826 0.218 0.000354 1.013
27.35 0.993153 0.391 0.136530 50 0.993153 1.564 0.136530 200 0.998847 0.217 0.000349 1.01
27.5 0.993530 0.388 0.136500 50 0.993530 1.552 0.136500 200 0.998867 0.216 0.000344 1.008
27.65 0.993896 0.386 0.136470 50 0.993896 1.544 0.136470 200 0.998887 0.215 0.000339 1.005
27.8 0.994250 0.383 0.136440 50 0.994250 1.532 0.136440 200 0.998907 0.214 0.000334 1.003
27.95 0.994592 0.38 0.136410 50 0.994592 1.52 0.136410 200 0.998926 0.213 0.000329 1
28.1 0.994923 0.378 0.136380 50 0.994923 1.512 0.136380 200 0.998945 0.213 0.000325 0.998
28.25 0.995243 0.376 0.136350 50 0.995243 1.504 0.136350 200 0.998963 0.212 0.00032 0.996
28.4 0.995551 0.373 0.136320 50 0.995551 1.492 0.136320 200 0.998981 0.211 0.000315 0.993
28.55 0.995847 0.371 0.136290 50 0.995847 1.484 0.136290 200 0.998999 0.21 0.000311 0.991
28.7 0.996132 0.369 0.136260 50 0.996132 1.476 0.136260 200 0.999017 0.209 0.000306 0.989
28.85 0.996406 0.367 0.136230 50 0.996406 1.468 0.136230 200 0.999034 0.208 0.000302 0.987
29 0.996667 0.365 0.136200 50 0.996667 1.46 0.136200 200 0.999051 0.208 0.000298 0.985
29.15 0.996917 0.363 0.136170 50 0.996917 1.452 0.136170 200 0.999067 0.207 0.000294 0.983
29.3 0.997155 0.361 0.136140 50 0.997155 1.444 0.136140 200 0.999083 0.206 0.000289 0.982
29.45 0.997382 0.36 0.136110 50 0.997382 1.44 0.136110 200 0.999099 0.205 0.000285 0.98
29.6 0.997597 0.358 0.136080 50 0.997597 1.432 0.136080 200 0.999115 0.204 0.000281 0.978
29.75 0.997799 0.357 0.136050 50 0.997799 1.428 0.136050 200 0.999131 0.203 0.000277 0.977
29.9 0.997990 0.355 0.136020 50 0.997990 1.42 0.136020 200 0.999146 0.202 0.000273 0.975
30.05 0.998170 0.354 0.135990 50 0.998170 1.416 0.135990 200 0.999161 0.201 0.00027 0.974
30.2 0.998337 0.352 0.135960 50 0.998337 1.408 0.135960 200 0.999175 0.2 0.000266 0.973
30.35 0.998493 0.351 0.135930 50 0.998493 1.404 0.135930 200 0.99919 0.2 0.000262 0.972
30.5 0.998639 0.35 0.135900 50 0.998639 1.4 0.135900 200 0.999204 0.199 0.000258 0.97
30.65 0.998774 0.349 0.135870 50 0.998774 1.396 0.135870 200 0.999218 0.198 0.000255 0.969
30.8 0.998899 0.348 0.135841 50 0.998899 1.392 0.135841 200 0.999231 0.197 0.000251 0.968
30.95 0.999016 0.347 0.135811 50 0.999016 1.388 0.135811 200 0.999245 0.196 0.000247 0.968
31.1 0.999123 0.347 0.135782 50 0.999123 1.388 0.135782 200 0.999258 0.195 0.000244 0.967
31.25 0.999222 0.346 0.135753 50 0.999222 1.384 0.135753 200 0.999271 0.194 0.00024 0.966
31.4 0.999313 0.345 0.135724 50 0.999313 1.38 0.135724 200 0.999284 0.193 0.000237 0.965
31.55 0.999396 0.344 0.135695 50 0.999396 1.376 0.135695 200 0.999296 0.192 0.000234 0.965
31.7 0.999473 0.344 0.135667 50 0.999473 1.376 0.135667 200 0.999308 0.192 0.00023 0.964
31.85 0.999542 0.343 0.135638 50 0.999542 1.372 0.135638 200 0.99932 0.191 0.000227 0.963
32 0.999605 0.343 0.135611 50 0.999605 1.372 0.135611 200 0.999332 0.19 0.000224 0.963
32.15 0.999662 0.342 0.135583 50 0.999662 1.368 0.135583 200 0.999344 0.189 0.000221 0.963
32.3 0.999713 0.342 0.135556 50 0.999713 1.368 0.135556 200 0.999355 0.188 0.000218 0.962
32.45 0.999758 0.342 0.135530 50 0.999758 1.368 0.135530 200 0.999367 0.187 0.000214 0.962
32.6 0.999799 0.341 0.135503 50 0.999799 1.364 0.135503 200 0.999378 0.186 0.000211 0.961
32.75 0.999834 0.341 0.135478 50 0.999834 1.364 0.135478 200 0.999389 0.185 0.000208 0.961
32.9 0.999865 0.341 0.135453 50 0.999865 1.364 0.135453 200 0.999399 0.184 0.000205 0.961
33.05 0.999892 0.341 0.135428 50 0.999892 1.364 0.135428 200 0.99941 0.184 0.000202 0.961
33.2 0.999915 0.341 0.135404 50 0.999915 1.364 0.135404 200 0.99942 0.183 0.000199 0.961
33.35 0.999935 0.34 0.135380 50 0.999935 1.36 0.135380 200 0.99943 0.182 0.000197 0.96
33.5 0.999951 0.34 0.135357 50 0.999951 1.36 0.135357 200 0.99944 0.181 0.000194 0.96
33.65 0.999964 0.34 0.135335 50 0.999964 1.36 0.135335 200 0.99945 0.18 0.000191 0.96
33.8 0.999975 0.34 0.135313 50 0.999975 1.36 0.135313 200 0.999459 0.179 0.000188 0.96
33.95 0.999983 0.34 0.135292 50 0.999983 1.36 0.135292 200 0.999469 0.178 0.000185 0.96
34.1 0.999989 0.34 0.135272 50 0.999989 1.36 0.135272 200 0.999478 0.177 0.000183 0.96
34.25 0.999994 0.34 0.135252 50 0.999994 1.36 0.135252 200 0.999487 0.177 0.00018 0.96
34.4 0.999997 0.34 0.135234 50 0.999997 1.36 0.135234 200 0.999496 0.176 0.000177 0.96
34.55 0.999999 0.34 0.135216 50 0.999999 1.36 0.135216 200 0.999505 0.175 0.000175 0.96
34.7 1.000000 0.34 0.135198 50 1.000000 1.36 0.135198 200 0.999513 0.174 0.000172 0.96
34.85 1.000000 0.34 0.135182 50 1.000000 1.36 0.135182 200 0.999522 0.173 0.00017 0.96
35 1.000000 0.34 0.135167 50 1.000000 1.36 0.135167 200 0.99953 0.172 0.000167 0.96
35.15 1.000000 0.34 0.135152 50 1.000000 1.36 0.135152 200 0.999538 0.171 0.000165 0.96
35.3 1.000000 0.34 0.135138 50 1.000000 1.36 0.135138 200 0.999546 0.17 0.000162 0.96
35.45 1.000000 0.34 0.135126 50 1.000000 1.36 0.135126 200 0.999554 0.17 0.00016 0.96
35.6 1.000000 0.34 0.135114 50 1.000000 1.36 0.135114 200 0.999562 0.169 0.000158 0.96
35.75 1.000000 0.34 0.135102 50 1.000000 1.36 0.135102 200 0.999569 0.168 0.000155 0.96
35.9 1.000000 0.34 0.135092 50 1.000000 1.36 0.135092 200 0.999577 0.167 0.000153 0.96
36.05 1.000000 0.34 0.135082 50 1.000000 1.36 0.135082 200 0.999584 0.166 0.000151 0.96
36.2 1.000000 0.34 0.135073 50 1.000000 1.36 0.135073 200 0.999591 0.165 0.000149 0.96
36.35 1.000000 0.34 0.135065 50 1.000000 1.36 0.135065 200 0.999598 0.165 0.000147 0.96
36.5 1.000000 0.34 0.135057 50 1.000000 1.36 0.135057 200 0.999605 0.164 0.000144 0.96
36.65 1.000000 0.34 0.135050 50 1.000000 1.36 0.135050 200 0.999612 0.163 0.000142 0.96
36.8 1.000000 0.34 0.135044 50 1.000000 1.36 0.135044 200 0.999618 0.162 0.00014 0.96
36.95 1.000000 0.34 0.135038 50 1.000000 1.36 0.135038 200 0.999625 0.162 0.000138 0.96
37.1 1.000000 0.34 0.135033 50 1.000000 1.36 0.135033 200 0.999631 0.161 0.000136 0.96
37.25 1.000000 0.34 0.135028 50 1.000000 1.36 0.135028 200 0.999637 0.16 0.000134 0.96
37.4 1.000000 0.34 0.135023 50 1.000000 1.36 0.135023 200 0.999643 0.16 0.000132 0.96
37.55 1.000000 0.34 0.135020 50 1.000000 1.36 0.135020 200 0.999649 0.159 0.00013 0.96
37.7 1.000000 0.34 0.135016 50 1.000000 1.36 0.135016 200 0.999655 0.158 0.000128 0.96
37.85 1.000000 0.34 0.135013 50 1.000000 1.36 0.135013 200 0.999661 0.158 0.000127 0.96
38 1.000000 0.34 0.135011 50 1.000000 1.36 0.135011 200 0.999667 0.157 0.000125 0.96
38.15 1.000000 0.34 0.135008 50 1.000000 1.36 0.135008 200 0.999672 0.157 0.000123 0.96
38.3 1.000000 0.34 0.135007 50 1.000000 1.36 0.135007 200 0.999677 0.156 0.000121 0.96
38.45 1.000000 0.34 0.135005 50 1.000000 1.36 0.135005 200 0.999683 0.156 0.000119 0.96
38.6 1.000000 0.34 0.135004 50 1.000000 1.36 0.135004 200 0.999688 0.155 0.000118 0.96
38.75 1.000000 0.34 0.135003 50 1.000000 1.36 0.135003 200 0.999693 0.155 0.000116 0.96
38.9 1.000000 0.34 0.135002 50 1.000000 1.36 0.135002 200 0.999698 0.154 0.000114 0.96
39.05 1.000000 0.34 0.135001 50 1.000000 1.36 0.135001 200 0.999703 0.154 0.000113 0.96
39.2 1.000000 0.34 0.135001 50 1.000000 1.36 0.135001 200 0.999708 0.153 0.000111 0.96
39.35 1.000000 0.34 0.135000 50 1.000000 1.36 0.135000 200 0.999712 0.153 0.000109 0.96
39.5 1.000000 0.34 0.135000 50 1.000000 1.36 0.135000 200 0.999717 0.153 0.000108 0.96
39.65 1.000000 0.34 0.135000 50 1.000000 1.36 0.135000 200 0.999721 0.153 0.000106 0.96
39.8 1.000000 0.34 0.135000 50 1.000000 1.36 0.135000 200 0.999726 0.152 0.000105 0.96
39.95 1.000000 0.34 0.135000 50 1.000000 1.36 0.135000 200 0.99973 0.152 0.000103 0.96
40.1 1.000000 0.34 0.135000 50 1.000000 1.36 0.135000 200 0.999734 0.152 0.000102 0.96
40.25 1.000000 0.34 0.135000 50 1.000000 1.36 0.135000 200 0.999739 0.152 0.0001 0.96
40.4 1.000000 0.34 0.135000 50 1.000000 1.36 0.135000 200 0.999743 0.152 9.9e-05 0.96
40.55 1.000000 0.34 0.135000 50 1.000000 1.36 0.135000 200 0.999747 0.152 9.7e-05 0.96
40.7 1.000000 0.34 0.135000 50 1.000000 1.36 0.135000 200 0.999751 0.152 9.6e-05 0.96
40.85 1.000000 0.34 0.135000 50 1.000000 1.36 0.135000 200 0.999755 0.152 9.4e-05 0.96
41 1.000000 0.34 0.135000 50 1.000000 1.36 0.135000 200 0.999759 0.152 9.3e-05 0.96
41.15 1.000000 0.34 0.135000 50 1.000000 1.36 0.135000 200 0.999762 0.152 9.2e-05 0.96
41.3 1.000000 0.34 0.135000 50 1.000000 1.36 0.135000 200 0.999766 0.152 9e-05 0.96
41.45 1.000000 0.34 0.135000 50 1.000000 1.36 0.135000 200 0.99977 0.152 8.9e-05 0.96
41.6 1.000000 0.34 0.135000 50 1.000000 1.36 0.135000 200 0.999774 0.152 8.8e-05 0.96
41.75 1.000000 0.34 0.135000 50 1.000000 1.36 0.135000 200 0.999777 0.152 8.6e-05 0.96
41.9 1.000000 0.34 0.135000 50 1.000000 1.36 0.135000 200 0.999781 0.153 8.5e-05 0.96
42.05 1.000000 0.34 0.135000 50 1.000000 1.36 0.135000 200 0.999784 0.153 8.4e-05 0.96
42.2 1.000000 0.34 0.135000 50 1.000000 1.36 0.135000 200 0.999788 0.153 8.3e-05 0.96
42.35 1.000000 0.34 0.135000 50 1.000000 1.36 0.135000 200 0.999791 0.153 8.1e-05 0.96
42.5 1.000000 0.34 0.135000 50 1.000000 1.36 0.135000 200 0.999795 0.153 8e-05 0.96
42.65 1.000000 0.34 0.135000 50 1.000000 1.36 0.135000 200 0.999798 0.154 7.9e-05 0.96
42.8 1.000000 0.34 0.135000 50 1.000000 1.36 0.135000 200 0.999802 0.154 7.8e-05 0.96
42.95 1.000000 0.34 0.135000 50 1.000000 1.36 0.135000 200 0.999805 0.154 7.7e-05 0.96
43.1 1.000000 0.34 0.135000 50 1.000000 1.36 0.135000 200 0.999808 0.154 7.6e-05 0.96
43.25 1.000000 0.34 0.135000 50 1.000000 1.36 0.135000 200 0.999812 0.155 7.5e-05 0.96
43.4 1.000000 0.34 0.135000 50 1.000000 1.36 0.135000 200 0.999815 0.155 7.3e-05 0.96
43.55 1.000000 0.34 0.135000 50 1.000000 1.36 0.135000 200 0.999818 0.155 7.2e-05 0.96
43.7 1.000000 0.34 0.135000 50 1.000000 1.36 0.135000 200 0.999821 0.155 7.1e-05 0.96
43.85 1.000000 0.34 0.135000 50 1.000000 1.36 0.135000 200 0.999824 0.156 7e-05 0.96
44 1.000000 0.34 0.135000 50 1.000000 1.36 0.135000 200 0.999827 0.156 6.9e-05 0.96
44.15 1.000000 0.34 0.135000 50 1.000000 1.36 0.135000 200 0.99983 0.156 6.8e-05 0.96
44.3 1.000000 0.34 0.135000 50 1.000000 1.36 0.135000 200 0.999833 0.157 6.7e-05 0.96
44.45 1.000000 0.34 0.135000 50 1.000000 1.36 0.135000 200 0.999836 0.157 6.6e-05 0.96
44.6 1.000000 0.34 0.135000 50 1.000000 1.36 0.135000 200 0.999839 0.157 6.5e-05 0.96
44.75 1.000000 0.34 0.135000 50 1.000000 1.36 0.135000 200 0.999842 0.157 6.4e-05 0.96
44.9 1.000000 0.34 0.135000 50 1.000000 1.36 0.135000 200 0.999845 0.157 6.3e-05 0.96
45.05 1.000000 0.34 0.135000 50 1.000000 1.36 0.135000 200 0.999847 0.158 6.2e-05 0.96
45.2 1.000000 0.34 0.135000 50 1.000000 1.36 0.135000 200 0.99985 0.158 6.2e-05 0.96
45.35 1.000000 0.34 0.135000 50 1.000000 1.36 0.135000 200 0.999853 0.158 6.1e-05 0.96
45.5 1.000000 0.34 0.135000 50 1.000000 1.36 0.135000 200 0.999855 0.158 6e-05 0.96
45.65 1.000000 0.34 0.135000 50 1.000000 1.36 0.135000 200 0.999858 0.158 5.9e-05 0.96
45.8 1.000000 0.34 0.135000 50 1.000000 1.36 0.135000 200 0.999861 0.159 5.8e-05 0.96
45.95 1.000000 0.34 0.135000 50 1.000000 1.36 0.135000 200 0.999863 0.159 5.7e-05 0.96
46.1 1.000000 0.34 0.135000 50 1.000000 1.36 0.135000 200 0.999866 0.159 5.6e-05 0.96
46.25 1.000000 0.34 0.135000 50 1.000000 1.36 0.135000 200 0.999868 0.159 5.6e-05 0.96
46.4 1.000000 0.34 0.135000 50 1.000000 1.36 0.135000 200 0.99987 0.159 5.5e-05 0.959
46.55 1.000000 0.34 0.135000 50 1.000000 1.36 0.135000 200 0.999873 0.159 5.4e-05 0.959
46.7 1.000000 0.34 0.135000 50 1.000000 1.36 0.135000 200 0.999875 0.159 5.3e-05 0.959
46.85 1.000000 0.34 0.135000 50 1.000000 1.36 0.135000 200 0.999877 0.159 5.2e-05 0.959
47 1.000000 0.34 0.135000 50 1.000000 1.36 0.135000 200 0.999879 0.16 5.2e-05 0.959
47.15 1.000000 0.34 0.135000 50 1.000000 1.36 0.135000 200 0.999881 0.16 5.1e-05 0.958
47.3 1.000000 0.34 0.135000 50 1.000000 1.36 0.135000 200 0.999884 0.16 5e-05 0.958
47.45 1.000000 0.34 0.135000 50 1.000000 1.36 0.135000 200 0.999886 0.16 4.9e-05 0.958
47.6 1.000000 0.34 0.135000 50 1.000000 1.36 0.135000 200 0.999888 0.16 4.9e-05 0.957
47.75 1.000000 0.34 0.135000 50 1.000000 1.36 0.135000 200 0.99989 0.16 4.8e-05 0.957
47.9 1.000000 0.34 0.135000 50 1.000000 1.36 0.135000 200 0.999892 0.16 4.7e-05 0.956
48.05 1.000000 0.34 0.135000 50 1.000000 1.36 0.135000 200 0.999893 0.16 4.6e-05 0.955
48.2 1.000000 0.34 0.135000 50 1.000000 1.36 0.135000 200 0.999895 0.16 4.6e-05 0.955
48.35 1.000000 0.34 0.135000 50 1.000000 1.36 0.135000 200 0.999897 0.16 4.5e-05 0.954
48.5 1.000000 0.34 0.135000 50 1.000000 1.36 0.135000 200 0.999899 0.16 4.4e-05 0.953
48.65 1.000000 0.34 0.135000 50 1.000000 1.36 0.135000 200 0.999901 0.16 4.4e-05 0.952
48.8 1.000000 0.34 0.135000 50 1.000000 1.36 0.135000 200 0.999902 0.16 4.3e-05 0.951
48.95 1.000000 0.34 0.135000 50 1.000000 1.36 0.135000 200 0.999904 0.16 4.2e-05 0.95
49.1 1.000000 0.34 0.135000 50 1.000000 1.36 0.135000 200 0.999906 0.16 4.2e-05 0.949
49.25 1.000000 0.34 0.135000 50 1.000000 1.36 0.135000 200 0.999907 0.16 4.1e-05 0.948
49.4 1.000000 0.34 0.135000 50 1.000000 1.36 0.135000 200 0.999909 0.16 4.1e-05 0.947
49.55 1.000000 0.34 0.135000 50 1.000000 1.36 0.135000 200 0.999911 0.16 4e-05 0.945
49.7 1.000000 0.34 0.135000 50 1.000000 1.36 0.135000 200 0.999912 0.16 3.9e-05 0.944
49.85 1.000000 0.34 0.135000 50 1.000000 1.36 0.135000 200 0.999914 0.16 3.9e-05 0.942
50 1.000000 0.34 0.135000 50 1.000000 1.36 0.135000 200 0.999915 0.16 3.8e-05 0.941
