-55
-55
-55
-54.99474815
-55.05574815
-55.03541481
-55.03541481
-55.05574815
-55.03541481
-55.03541481
-54.99474815
-54.97434815
-54.97434815
-54.91334815
-54.99474815
-55.01508148
-54.97434815
-55.01508148
-55.01508148
-55.01508148
-54.99474815
-54.99474815
-54.95401481
-54.99474815
-54.95401481
-55.01508148
-54.97434815
-55.01508148
-54.97434815
-54.99474815
-55.01508148
-54.93368148
-54.95401481
-54.91334815
-54.95401481
-54.95401481
-54.93368148
-54.95401481
-55.07608148
-54.95401481
-54.91334815
-54.89301481
-54.81161481
-54.83194815
-54.79128148
-54.75061481
-54.79128148
-54.85228148
-54.85228148
-54.87268148
-54.93368148
-54.91334815
-54.93368148
-54.97434815
-54.87268148
-54.93368148
-54.97434815
-54.93368148
-54.93368148
-54.93368148
-54.93368148
-54.99474815
-54.97434815
-54.95401481
-54.99474815
-54.97434815
-54.95401481
-54.99474815
-54.99474815
-55.01508148
-54.85228148
-54.97434815
-55.01508148
-54.91334815
-54.24194815
-53.08228148
-51.69881481
-50.27468148
-48.93188148
-47.87394815
-46.95841481
-46.26668148
-45.77841481
-45.43254815
-45.20874815
-45.08668148
-44.94428148
-44.92394815
-45.00528148
-45.04601481
-45.24941481
-45.45288148
-45.65634815
-45.85981481
-46.06328148
-46.36841481
-46.65328148
-46.87708148
-47.12121481
-47.32461481
-47.54841481
-47.79254815
-47.99601481
-48.28088148
-48.50468148
-48.66741481
-48.89121481
-49.07434815
-49.23708148
-49.37948148
-49.52188148
-49.70501481
-49.82708148
-50.05088148
-50.21361481
-50.33568148
-50.47814815
-50.64088148
-50.72228148
-50.88501481
-50.96641481
-50.98674815
-51.12914815
-51.16988148
-51.21054815
-51.27161481
-51.33261481
-51.45468148
-51.47501481
-51.49534815
-51.51574815
-51.55641481
-51.61741481
-51.67848148
-51.73954815
-51.80054815
-51.82088148
-51.86161481
-51.88194815
-51.94294815
-51.92261481
-52.00401481
-52.04468148
-52.04468148
-52.00401481
-52.04468148
-52.14641481
-52.18708148
-52.22781481
-52.30914815
-52.32954815
-52.37021481
-52.41088148
-52.43128148
-52.45161481
-52.49228148
-52.57368148
-52.55334815
-52.61434815
-52.61434815
-52.67541481
-52.69574815
-52.71608148
-52.73641481
-52.73641481
-52.75674815
-52.75674815
-52.77714815
-52.81781481
-52.79748148
-52.93988148
-53.00088148
-53.00088148
-53.02128148
-53.02128148
-53.06194815
-53.06194815
-53.20434815
-53.18401481
-53.20434815
-53.18401481
-53.22468148
-53.34674815
-53.32641481
-53.34674815
-53.32641481
-53.30608148
-53.30608148
-53.32641481
-53.32641481
-53.36714815
-53.42814815
-53.32641481
-53.38748148
-53.36714815
-53.38748148
-53.46881481
-53.44848148
-53.44848148
-53.44848148
-53.50954815
-53.48921481
-53.52988148
-53.52988148
-53.55021481
-53.59094815
-53.63161481
-53.57054815
-53.63161481
-53.65194815
-53.63161481
-53.63161481
-53.61128148
-53.61128148
-53.67228148
-53.67228148
-53.73334815
-53.73334815
-53.71301481
-53.75368148
-53.75368148
-53.71301481
-53.73334815
-53.69261481
-53.73334815
-53.75368148
-53.75368148
-53.71301481
-53.79434815
-53.77401481
-53.75368148
-53.75368148
-53.67228148
-53.71301481
-53.73334815
-53.75368148
-53.75368148
-53.73334815
-53.77401481
-53.73334815
-53.77401481
-53.73334815
-53.73334815
-53.73334815
-53.71301481
-53.71301481
-53.69261481
-53.77401481
-53.71301481
-53.77401481
-53.75368148
-53.79434815
-53.77401481
-53.77401481
-53.75368148
-53.71301481
-53.67228148
-53.75368148
-53.65194815
-53.71301481
-53.73334815
-53.71301481
-53.69261481
-53.71301481
-53.67228148
-53.63161481
-53.67228148
-53.67228148
-53.61128148
-53.63161481
-53.63161481
