-54.9980564
-55.03607104
-54.98483103
-54.92781103
-54.91979556
-54.89757172
-54.84978634
-54.82513624
-54.84018081
-54.89462623
-54.96792086
-55.01514164
-55.02068119
-54.9975554
-54.96445154
-54.92699664
-54.88661617
-54.88325294
-54.91630616
-54.89391065
-54.81661616
-54.83316684
-55.0056607
-55.18871919
-55.22911686
-55.13486102
-55.00995147
-54.94992024
-54.99118137
-55.07882076
-55.09285595
-54.978946
-54.84472137
-54.86637375
-55.020146
-55.09733204
-55.03349678
-54.938166
-54.91177632
-54.96314514
-55.04173053
-55.09492126
-55.06580667
-54.99797669
-55.01664177
-55.09579284
-55.0706713
-54.92188898
-54.82526808
-54.8740712
-54.9382313
-54.87005163
-54.74941578
-54.75326762
-54.8621513
-54.9377212
-54.97544198
-55.04516849
-55.09068583
-55.04052928
-54.98566432
-54.99607661
-54.96509199
-54.85269646
-54.82071616
-54.90519739
-54.94404661
-54.93358036
-54.94909537
-54.89089844
-54.8356865
-55.03206661
-54.99999589
-53.5059316
-50.27545108
-46.82190176
-44.62258114
-43.55384683
-42.8343865
-42.29517791
-42.13979888
-42.3291073
-42.63426113
-42.8963084
-43.08550718
-43.26703562
-43.50874191
-43.87549432
-44.41505113
-44.98495071
-45.34000146
-45.52420181
-45.82361027
-46.28956536
-46.72047567
-47.00485979
-47.21255639
-47.49011415
-47.8516518
-48.1188881
-48.22557183
-48.32588181
-48.5137669
-48.74780599
-49.01890798
-49.33730181
-49.62629644
-49.79143087
-49.87527411
-50.0433152
-50.33614321
-50.58175722
-50.65197634
-50.66596969
-50.80849643
-50.99924673
-51.02851276
-50.96205075
-50.97946092
-51.0250185
-51.00436576
-51.00077197
-51.07541243
-51.15573845
-51.18851734
-51.22892444
-51.35859111
-51.55369571
-51.67451363
-51.66541224
-51.65192997
-51.68512221
-51.66583241
-51.64700401
-51.73256945
-51.90542021
-51.87739175
-51.71529055
-51.70960713
-51.70396097
-51.79835159
-51.69277852
-51.78724129
-51.86814244
-51.94651153
-51.9656621
-52.00545774
-52.11166201
-52.1944945
-52.1833248
-52.1181005
-52.04738023
-51.98764157
-51.97388617
-52.02497864
-52.07416962
-52.09288074
-52.13809666
-52.21760203
-52.2654555
-52.22325374
-52.11833542
-52.08446422
-52.20162781
-52.37618089
-52.44825115
-52.37097527
-52.26154098
-52.26770896
-52.36656894
-52.41893064
-52.37813376
-52.27363905
-52.18459522
-52.19236901
-52.25459017
-52.30129143
-52.34710055
-52.40490627
-52.42651034
-52.42017153
-52.4690616
-52.53159131
-52.47849044
-52.34119975
-52.28167303
-52.33642605
-52.39209759
-52.41397845
-52.43671241
-52.42526827
-52.34462481
-52.27681285
-52.30804117
-52.38827459
-52.44356291
-52.46982895
-52.4787565
-52.4859354
-52.49218346
-52.4743505
-52.46362633
-52.5049808
-52.52418372
-52.43827192
-52.35160025
-52.41122253
-52.55964659
-52.61207929
-52.52621946
-52.44569694
-52.47426158
-52.52538323
-52.50489174
-52.48175696
-52.54519874
-52.63571695
-52.62257142
-52.50506204
-52.38922865
-52.34741312
-52.37459732
-52.43011311
-52.46752236
-52.49227694
-52.54465672
-52.58084157
-52.57453138
-52.561366
-52.58610533
-52.68299924
-52.73878762
-52.63845034
-52.46953729
-52.38182835
-52.42398341
-52.48182236
-52.41961508
-52.31763147
-52.33135142
-52.43942483
-52.52877157
-52.54933157
-52.50095469
-52.42781086
-52.44380996
-52.5882319
-52.73360657
-52.76215389
-52.70992375
-52.64190605
-52.58277071
-52.54072763
-52.45648672
-52.30453789
-52.19443005
-52.17890111
-52.18224798
-52.20498357
-52.2826518
-52.35205358
-52.37556683
-52.39764147
-52.38175741
-52.29333458
-52.24179288
-52.27391225
-52.2972626
-52.28331385
-52.28570593
-52.29062876
