3.0e-05	5.0e-01	5.0e-02	1.0e-04	1.0e-05	2.1e-05	1.0e+03
3.0e-05	5.0e-01	5.0e-02	1.0e-04	1.0e-05	2.1e-05	1.0e+03
3.0e-05	5.0e-01	5.0e-02	1.0e-04	1.0e-05	2.5e-05	1.0e+03
3.0e-05	5.0e-01	5.0e-02	1.0e-03	1.0e-04	4.0e-05	1.0e+03
3.0e-05	5.0e-01	5.0e-02	2.0e-03	2.0e-04	6.0e-05	1.0e+03
3.0e-05	5.0e-01	5.0e-02	3.2e-03	3.2e-04	8.0e-05	1.0e+03
3.0e-05	5.0e-01	5.0e-02	4.3e-03	4.2e-04	1.1e-04	1.0e+03
3.0e-05	5.0e-01	5.0e-02	5.5e-03	5.5e-04	1.3e-04	1.0e+03
3.0e-05	5.0e-01	5.0e-02	1.0e-04	1.0e-05	2.1e-05	1.0e+03
3.0e-05	5.0e-01	5.0e-02	1.0e-04	1.0e-05	2.1e-05	1.0e+03
3.0e-05	5.0e-01	5.0e-02	1.0e-04	1.0e-05	2.5e-05	1.0e+03
3.0e-05	5.0e-01	5.0e-02	1.0e-03	1.0e-04	4.0e-05	1.0e+03
3.0e-05	5.0e-01	5.0e-02	2.0e-03	2.0e-04	6.0e-05	1.0e+03
3.0e-05	5.0e-01	5.0e-02	3.2e-03	3.2e-04	8.0e-05	1.0e+03
3.0e-05	5.0e-01	5.0e-02	4.3e-03	4.2e-04	1.1e-04	1.0e+03
3.0e-05	5.0e-01	5.0e-02	5.5e-03	5.5e-04	1.3e-04	1.0e+03
