-55
-55
-55
-54.99566813
-55.0459826
-55.02921111
-55.02921111
-55.0459826
-55.02921111
-55.02921111
-54.99566813
-54.97884165
-54.97884165
-54.92852718
-54.99566813
-55.01243962
-54.97884165
-55.01243962
-55.01243962
-55.01243962
-54.99566813
-54.99566813
-54.96207015
-54.99566813
-54.96207015
-55.01243962
-54.97884165
-55.01243962
-54.97884165
-54.99566813
-55.01243962
-54.94529866
-54.96207015
-54.92852718
-54.96207015
-54.96207015
-54.94529866
-54.96207015
-55.06275409
-54.96207015
-54.92852718
-54.91175568
-54.84461472
-54.86138622
-54.82784323
-54.79430025
-54.82784323
-54.87815771
-54.87815771
-54.89498419
-54.94529866
-54.92852718
-54.94529866
-54.97884165
-54.89498419
-54.94529866
-54.97884165
-54.94529866
-54.94529866
-54.94529866
-54.94529866
-54.99566813
-54.97884165
-54.96207015
-54.99566813
-54.97884165
-54.96207015
-54.99566813
-54.99566813
-55.01243962
-54.87815771
-54.97884165
-55.01243962
-54.92852718
-54.37473802
-53.41821312
-52.27709183
-51.10242756
-49.99484926
-49.12223681
-48.36707977
-47.79651913
-47.39378338
-47.10850306
-46.92390668
-46.82322274
-46.70576731
-46.68899582
-46.75608178
-46.78967975
-46.95744966
-47.12527455
-47.29309945
-47.46092433
-47.62874923
-47.88043158
-48.11539743
-48.29999381
-48.50136168
-48.66913159
-48.85372797
-49.05509585
-49.22292074
-49.45788659
-49.64248297
-49.77670989
-49.96130627
-50.11235968
-50.2465866
-50.36404203
-50.48149746
-50.63255085
-50.7332348
-50.91783118
-51.0520581
-51.15274204
-51.27025246
-51.40447938
-51.47162033
-51.60584725
-51.6729882
-51.6897597
-51.80721513
-51.8408131
-51.87435608
-51.92472554
-51.97504002
-52.07572396
-52.09249545
-52.10926694
-52.12609342
-52.1596364
-52.20995087
-52.26032034
-52.31068981
-52.36100428
-52.37777577
-52.41137374
-52.42814524
-52.47845971
-52.46168821
-52.52882917
-52.56237215
-52.56237215
-52.52882917
-52.56237215
-52.6462846
-52.67982758
-52.71342555
-52.78051152
-52.797338
-52.83088098
-52.86442397
-52.88125045
-52.89802194
-52.93156492
-52.99870588
-52.98193439
-53.03224886
-53.03224886
-53.08261832
-53.09938982
-53.11616131
-53.13293279
-53.13293279
-53.14970429
-53.14970429
-53.16653077
-53.20007375
-53.18330226
-53.30075769
-53.35107216
-53.35107216
-53.36789864
-53.36789864
-53.40144163
-53.40144163
-53.51889706
-53.50212556
-53.51889706
-53.50212556
-53.53566855
-53.63635249
-53.61958099
-53.63635249
-53.61958099
-53.6028095
-53.6028095
-53.61958099
-53.61958099
-53.65317897
-53.70349344
-53.61958099
-53.66995046
-53.65317897
-53.66995046
-53.73703642
-53.72026493
-53.72026493
-53.72026493
-53.7706344
-53.7538629
-53.78740589
-53.78740589
-53.80417738
-53.83777535
-53.87131833
-53.82094887
-53.87131833
-53.88808983
-53.87131833
-53.87131833
-53.85454684
-53.85454684
-53.90486132
-53.90486132
-53.95523078
-53.95523078
-53.93845928
-53.97200227
-53.97200227
-53.93845928
-53.95523078
-53.9216328
-53.95523078
-53.97200227
-53.97200227
-53.93845928
-54.00554526
-53.98877376
-53.97200227
-53.97200227
-53.90486132
-53.93845928
-53.95523078
-53.97200227
-53.97200227
-53.95523078
-53.98877376
-53.95523078
-53.98877376
-53.95523078
-53.95523078
-53.95523078
-53.93845928
-53.93845928
-53.9216328
-53.98877376
-53.93845928
-53.98877376
-53.97200227
-54.00554526
-53.98877376
-53.98877376
-53.97200227
-53.93845928
-53.90486132
-53.97200227
-53.88808983
-53.93845928
-53.95523078
-53.93845928
-53.9216328
-53.93845928
-53.90486132
-53.87131833
-53.90486132
-53.90486132
-53.85454684
-53.87131833
-53.87131833
